0
379.333
11200.4
65.6933
-232
-268.2
-12382.2
7631
-1.01008e+18
617.5
6.73522e+24
7142
29036
283
90.1246
1207
20470
268.382
-4.18124e+183
105.295
21
-37
103
1.3913
166.343
1214.88
67.4706
222.625
3.02641
-1.95393e-10
9.88917
254.502
-183.796
-1.94509e+07
-199.625
-5.22005e+07
1.18786e+274
0
-154
492.073
-154.732
-4.96835e+11
inf
-5.53333
-1937.5
210
307.636
2737.99
115
49993.5
-9.55755e+184
-767.249
-1.96874e+19
-222
402.818
9.25373e+223
-4.73338e+23
19
8167
-332
-5.88716e+16
65652
313
189.051
-290.996
289.477
inf
3.52901e+21
-27
-771.983
127.429
Division-By-Zero
Division-By-Zero
314.881
175.194
2.85312e+11
6.2963
-9.26552e+30
3.16228e+13
214.692
-20
23.2
0.494624
76.452
5195.27
12
-135.667
-216
1
0
1.0801e+11
inf
-22
-83
10.8529
1295
1.00418e+06
94
4849
