inf
-inf
inf
-6.26773e+111
nan
-8.33817e+150
1.32843e+231
nan
-inf
-inf
-inf
-5.4037e+188
7.96571e+132
-inf
-inf
-inf
inf
-inf
-8.73026e+146
-inf
inf
-3.50831e+302
-inf
9339.01
inf
inf
-1.02215e+138
-inf
inf
1.38891e+73
nan
nan
1.13916e+220
-1.6736e+29
-inf
1.48461e+198
12337.5
Division-By-Zero
nan
1.07849e+234
1.01746e+236
-inf
-5.61106e+222
inf
inf
-inf
nan
1e+102
29578
-2.12744e+178
-3.82137e+174
1.19258e+212
1.72969e+296
inf
-7.93056e+250
-inf
8.63162e+193
Division-By-Zero
-inf
-inf
inf
1.35065e+188
-inf
45685.1
inf
inf
-2.13857e+228
-6839.05
nan
4.35139e+19
928.79
inf
inf
1.00775e+288
-6.05947e+161
5.96644e+195
28215.9
-3.316e+287
-1.04127e+41
-4.8181e+245
-inf
1.23713e+213
inf
inf
1.01766e+134
4.9058e+206
-inf
6.09978e+228
nan
8.3437e+171
-1.27056e+234
-2.32066e+202
5.2711e+188
6.98739e+305
-inf
inf
-inf
3.61849e+236
-2.78005e+208
-1.20126e+08
