2.74878e+30
2.44798e+293
2.02195e+286
-2.94636e+06
1.33107e+133
-480.366
4.04893e+48
-5.0907e+264
35644.8
-3.83124e+142
-inf
2.35876e+235
inf
inf
-inf
-inf
-4.74513e+254
1.86117e+183
-8472.1
-nan
2.30339e+23
3.02821e+292
-inf
-inf
inf
inf
2.13359e+304
1.10737e+302
8.55532e+32
-nan
-5.79464e+121
42621.1
inf
-nan
8254.65
-5.61652e+88
2.02962e+301
-nan
inf
inf
-1.26889e+261
-4.56239e+208
inf
-1.08355e+173
-1.42322e+08
-1.90118e+256
-inf
8.50137e+252
-nan
-inf
-8.07794e+62
-nan
inf
-inf
inf
-6.33636e+190
-8.15663e+127
-inf
-inf
5.50009e+44
-inf
inf
21891.9
-3.26648e+183
8.35726e+300
inf
2.68145e+294
3.84976e+152
-inf
-nan
-inf
-4.05648e+66
-inf
inf
inf
-1.99256e+202
-inf
40320.8
-1.44698e+122
171473
-1.73111e+73
-1.23134e+292
-inf
-2.65694e+287
-inf
-13866.4
3.06803e+06
-22848.5
-inf
-1.80737e+221
133713
-inf
-1.88857e+248
inf
-1.7164e+226
76654.2
-inf
-nan
2.479e+256
78341.8
