5.24504e+44
inf
inf
5.69662e+231
-inf
inf
inf
-930496
8.88406e+211
-inf
-7.50752e+255
-9.35361e+215
-inf
-inf
-2.39275e+207
-304646
-3.90579e+299
inf
-nan
-3.06541e+73
-inf
-1.47027e+294
8208.29
inf
inf
-inf
-1.79547e+275
-1.21912e+279
2.21861e+18
-inf
3.77678e+175
-nan
-inf
-5.87521e+304
-nan
inf
1.85529e+258
1e+132
-nan
-inf
9.70901e+149
-5.10257e+265
2.82525e+256
-nan
inf
-1.16607e+300
inf
-1.25148e+85
2.52768e+299
Division-By-Zero
-inf
5.26521e+279
-inf
inf
-nan
-inf
inf
inf
-nan
-2.49272e+46
-inf
inf
4.82049e+251
-9.64007e+128
2.75865e+190
inf
-4.94019e+286
9.68148e+280
inf
inf
inf
-7.31112e+177
9.64102e+221
-inf
Division-By-Zero
-6.39049e+213
-inf
inf
2.79975e+159
-inf
6.39905e+278
inf
1.22727e+211
inf
-inf
-inf
27720.3
inf
-inf
9.99614e+285
3.28759e+57
3.46563e+305
inf
-1.71057e+275
-inf
-nan
inf
1.96134e+294
4.22514e+248
-inf
2.14874e+305
-1.73184e+79
inf
-inf
1.74225e+178
-nan
-nan
-2.21717e+222
-3.29994e+280
inf
-60430.5
inf
1.21641e+159
2.0356e+124
-inf
inf
-4.54938e+52
-2.41176e+226
inf
-4.18694e+243
inf
7.03168e+60
-4.06565e+130
1.52714e+278
-inf
2.86885e+205
-inf
-2.53147e+248
inf
inf
inf
-1.45747e+238
16824
-inf
inf
1.03476e+108
inf
Division-By-Zero
inf
1.86559e+283
34196.5
inf
-1.49256e+253
inf
inf
-inf
-inf
2.23232e+06
inf
-15914.1
inf
inf
4.83426e+210
-nan
-24727.8
-1.08073e+115
40523.9
inf
-nan
6.85596e+177
-inf
Division-By-Zero
-32463.1
-inf
6.00941e+281
inf
4.08995e+121
inf
inf
-2.11784e+169
-2.46454e+69
inf
-1.0464e+261
-1e+138
-inf
-1.43476e+176
2.43843e+291
-inf
-1.36946e+189
4.71339e+187
-inf
-1.88348e+187
inf
inf
29295.7
-1.94939e+06
1.07792e+10
8.78694e+158
1.24218e+277
4.11884e+247
686262
inf
inf
-1.01811e+200
2.01681e+304
inf
inf
Division-By-Zero
-nan
-1.83145e+143
2.75848e+131
-9.05808e+112
3.41633e+151
inf
-7.80473e+60
-inf
-nan
1.34211e+287
-inf
9.97282e+156
-inf
2.67759e+233
-8.38577e+233
inf
-1.3536e+207
-1.36006e+53
-inf
inf
-1.66565e+39
5.68978e+227
-1.57772e+69
-inf
8551.15
-inf
-nan
inf
inf
50310.1
-2.37142e+169
inf
-inf
8.02376e+269
20091.9
inf
-4.32837e+296
20034
9.82155e+110
5.57956e+228
-1.09437e+177
inf
6.64087e+37
inf
3.12237e+273
-2.98762e+170
-1.78639e+82
4.32752e+279
inf
inf
inf
-inf
-9.87394e+170
inf
inf
420805
-1.27875e+243
inf
-1.26057e+171
-2.58353e+06
1.13644e+75
6.74672e+167
inf
-inf
-2.89821e+276
inf
-2.58653e+295
-2.68545e+111
inf
inf
inf
-inf
inf
-7.62804e+226
-33476.1
5.75125e+203
1.66772e+50
-inf
-inf
-inf
-3.2275e+177
-6.94427e+249
Division-By-Zero
-inf
4.59094e+209
-1.14121e+152
inf
-inf
inf
-inf
1.79608e+286
-inf
inf
6.58418e+161
-inf
3.91635e+162
-3.69988e+71
-nan
6.36676e+253
-2.61827e+53
inf
-165322
3.82992e+06
-1.21283e+106
inf
-inf
48167.5
inf
2.69864e+66
inf
-inf
-1.17648e+147
-2.1409e+109
-1.75884e+146
1.89923e+80
-inf
-inf
-8.13682e+218
-2.35614e+285
-3.71319e+67
2.32252e+34
3.70944e+95
-7.95444e+92
-nan
inf
-inf
-inf
-9.35762e+32
inf
4.78407e+198
1.21481e+259
inf
33362.1
-inf
-inf
-1.10875e+06
-inf
-nan
-6.99405e+207
inf
inf
-7.91108e+48
-inf
4.30938e+46
1.46059e+230
-1.24093e+238
-1.90881e+46
2.44264e+80
9.65358e+177
Division-By-Zero
-1.26371e+241
-1.32446e+282
-1.48629e+286
-1.18677e+173
inf
-inf
-inf
-1.16416e+298
inf
-9.38147e+291
inf
inf
13706.3
-1.51488e+17
inf
1.50092e+06
-inf
3.19994e+231
7.06722e+166
-3.39095e+16
7.17073e+170
-8.00426e+243
-8.63587e+35
-inf
inf
-nan
inf
3.09367e+289
1.92749e+282
51882.5
-nan
-inf
12299.8
2.77722e+71
inf
inf
-4.32221e+250
2.14431e+287
-3.58687e+203
-nan
-inf
1.94319e+170
1.16276e+305
-18778.9
Division-By-Zero
-inf
inf
inf
-17146.5
-inf
-inf
-4.84193e+204
inf
-inf
inf
4.2355e+180
51.0175
inf
1.15975e+222
-nan
1.0195e+161
inf
-1.76437e+263
-4091.61
-1.71975e+253
-1.73586e+251
45311.9
4.44522e+24
-1.28103e+224
-nan
-4.2468e+226
-1.88096e+163
-inf
inf
-1.15402e+70
-inf
inf
2.01382e+291
Division-By-Zero
2.85142e+223
-inf
2.61569e+238
inf
-2.40812e+203
inf
-1.8628e+109
-nan
-inf
inf
-9.81941e+127
-inf
inf
-1.29112e+06
2.9646e+254
-nan
2.20925e+209
-inf
-206095
-8.56749e+214
inf
inf
-inf
-nan
-1.68987e+168
11158.7
-1.20813e+282
-inf
inf
-7.67296e+189
Division-By-Zero
1.32331e+289
-5.02238e+188
-1.40802e+199
-6.23222e+195
inf
-inf
-3.7795e+279
-7.74505e+131
Division-By-Zero
9.35191e+114
2.92605e+226
-inf
-1.18805e+173
inf
-7.22361e+289
7.16937e+276
-2.91599e+283
1.19452e+156
inf
3423.42
3.65866e+238
2.16707e+28
15605.6
inf
-7056.29
2.86152e+274
1.84703e+87
inf
-inf
7.16233e+148
-1.12891e+295
-inf
493.39
inf
-6.56014e+193
-4.15504e+254
1.45136e+257
Division-By-Zero
inf
inf
1.17209e+204
-inf
-2.71155e+242
inf
-2.98202e+297
1.3444e+271
inf
-3.81105e+302
-7.44615e+46
1.03922e+123
-8.36517e+296
-inf
1.73642e+189
7.96812e+287
-7.49814e+179
-inf
Division-By-Zero
-5.2125e+268
-inf
-inf
inf
inf
-nan
1.22608e+268
5.21888e+143
-1.31966e+199
inf
-3.85839e+203
-4.74552e+82
-nan
-nan
5.27881e+175
-4.52044e+157
-1.15975e+222
-6.01227e+202
1.08887e+107
inf
-2.38013e+297
inf
-inf
inf
inf
1.96283e+07
2.25919e+209
2.36157e+226
-inf
4.26725e+234
-inf
Division-By-Zero
-9.86071e+305
1.53009e+304
-inf
1.90423e+275
inf
9.29832e+149
3.6266e+302
3.089e+282
6.4787e+181
-nan
inf
1.16106e+254
2.81347e+202
-nan
1.16106e+254
inf
-inf
inf
-83254.9
-1.71887e+119
-2.32002e+234
2.93874e+89
Division-By-Zero
2.1886e+168
inf
inf
-6.00431e+186
4870.9
1e+193
-inf
1.80678e+142
-nan
-inf
673884
-6.27085e+224
inf
-1.90103e+270
-inf
4.83916e+304
-inf
-inf
inf
-nan
-nan
-nan
-50749
inf
1e+190
9.43663e+281
inf
-inf
-2.61817e+86
7221.74
7.71031e+295
-inf
inf
-inf
-4.99715e+127
inf
23891.2
-nan
Division-By-Zero
-3.98405e+244
3.50926e+155
-5.65236e+296
-2.23143e+185
-inf
-4.72087e+154
-nan
-inf
inf
inf
-1.68071e+302
inf
inf
-2.87797e+256
inf
inf
-nan
-13817.1
3.56479e+128
inf
5.45187e+16
inf
-3.95576e+24
inf
-1.14154e+208
7.19366e+263
-1.24341e+129
-1.04447e+64
-4.57163e+14
inf
6.07638e+222
1.17145e+243
inf
-4.65523e+239
inf
1.01337e+256
1.59677e+39
6.92389e+296
inf
-inf
inf
5.26546e+19
5.3616e+60
-nan
inf
9097.33
-2.16819e+300
Division-By-Zero
-inf
-inf
-1.58119e+237
inf
1.33152e+89
1.89714e+216
inf
-nan
-inf
-2.92107e+275
3.37723e+207
6.5175e+79
inf
3.60265e+208
-1.09636e+80
3.51446e+294
1.45523e+284
1.24385e+193
-inf
inf
-7.97512e+271
-nan
1.98722e+233
inf
4.08904e+268
-2.92092e+274
inf
-inf
inf
inf
1.78321e+298
9.83087e+302
-1.2911e+50
Division-By-Zero
3.23533e+43
42223.9
-6.03131e+207
3.78568e+53
inf
1.65003e+295
-inf
-3.32452e+35
-1.2913e+104
2.16447e+45
-7.52316e+203
inf
inf
inf
5.1501e+211
-inf
-9.26963e+228
-inf
-968043
-inf
6.36655e+223
-6.57566e+149
-inf
2.26413e+85
5.29449e+147
2.01055e+295
-inf
-inf
inf
-8.06412e+298
-2.17948e+198
Division-By-Zero
4.80216e+273
-2.51772e+295
-inf
-3.96879e+59
Division-By-Zero
4.36157e+305
9.02265e+290
-inf
-nan
-2.11236e+156
-inf
Division-By-Zero
-3.12236e+211
-inf
inf
inf
6.63388e+217
6.33483e+122
inf
1.22705e+156
inf
-inf
-inf
-6.53913e+268
inf
8.48826e+216
1.29201e+301
inf
-1.94689e+49
-1.0989e+276
-1.31687e+179
inf
-nan
1.28077e+191
843.402
19455.9
-4.91423e+57
-106266
5.17118e+212
-7.26839e+134
inf
-1.49577e+248
Division-By-Zero
4.08114e+236
-inf
-4.40438e+298
928.66
-inf
-inf
-2.65398e+291
Division-By-Zero
7.95246e+151
-7.01592e+283
5.80866e+282
1.22137e+87
inf
1.94995e+190
-inf
-1.09608e+248
-1.88412e+45
1.61796e+60
-nan
-15012.2
-nan
inf
-1.10269e+195
1.75689e+32
inf
-nan
-inf
1.3312e+40
inf
-inf
9.65134e+68
-inf
Division-By-Zero
-nan
inf
inf
3.74144e+218
inf
3.7269e+214
-1.91399e+277
-1.75868e+249
-9.58803e+193
2.73595e+281
-1.61915e+23
inf
-inf
-nan
inf
18116.5
2.13589e+302
3.57354e+142
-nan
-inf
-2.1663e+210
-3.55615e+51
4.11785e+166
1.19696e+260
-2.70906e+241
inf
-inf
9.73515e+222
-822718
2.55937e+233
-inf
-inf
-nan
-5.46876e+109
inf
-2.62601e+253
-1.36293e+26
7.05647e+48
-nan
-3.89213e+244
inf
-nan
6.3413e+271
-5.1923e+33
-inf
8.24286e+161
2.44968e+235
inf
inf
-inf
5.92391e+248
769890
-1.70619e+248
-nan
-6.73764e+253
-31449.9
-inf
-inf
-nan
-7.24009e+119
5.21229e+172
1.21581e+100
inf
-inf
-3.88705e+197
6.29687e+283
inf
inf
8.35173e+299
5.37534e+91
2.92277e+136
inf
1.1144e+252
1.74153e+307
inf
inf
-inf
inf
2.31477e+267
5.90274e+289
4.99781e+274
-1.92683e+196
1.79006e+304
-inf
1.70191e+178
-inf
-841173
-6.67476e+252
-inf
-nan
-inf
inf
6.40728e+129
-inf
-inf
4.11469e+156
inf
-inf
-2.14946e+25
-nan
-6166.81
-5.49975e+209
-nan
1.03696e+298
inf
inf
-inf
inf
inf
-inf
-465.321
5.66206e+218
inf
inf
2.34552e+244
-inf
8.31807e+251
-nan
inf
-inf
-5.50051e+200
-41184.9
-nan
inf
5.86834e+113
-inf
8.67362e+41
8.61821e+214
-5.40502e+282
-inf
1.33165e+186
-1.42396e+75
-9.84658e+10
-1.5944e+191
inf
1.78277e+86
-7.08202e+48
-inf
1.45316e+307
-7.06765e+265
3.78515e+177
inf
inf
inf
-inf
-3.02513e+244
inf
-inf
7.6862e+252
1.32482e+148
-inf
inf
inf
inf
3.31844e+298
-inf
inf
inf
3.57546e+295
12435
-5.37121e+276
-2344.94
-inf
-inf
-7.49278e+237
5.1656e+52
-inf
inf
6.11238e+08
inf
-3.85839e+203
-1.55099e+21
3.50664e+218
Division-By-Zero
-2.57513e+250
-124.372
8.68084e+106
-inf
-inf
inf
37771
2.8548e+129
inf
-1.94812e+295
inf
-nan
2.87866e+242
inf
5.64913e+224
inf
-inf
-inf
-inf
-1.35151e+178
2.36895e+226
-inf
6.60528e+263
inf
-8.3413e+99
-nan
-inf
-1.64202e+295
-inf
-5.11968e+88
-5.06121e+223
inf
-1.22858e+306
-inf
1.30052e+120
-5.26384e+68
inf
6.53929e+290
-inf
1.00123e+273
inf
2.07477e+301
inf
inf
-inf
-1.23453e+167
Division-By-Zero
-inf
-inf
-1.72682e+95
-inf
1.88967e+230
inf
-2.00777e+171
-1.47114e+264
1.49845e+230
inf
-nan
-2.50703e+161
9.64824e+174
inf
-1.54826e+15
-inf
-inf
20111.6
5.13982e+211
inf
-4.18573e+203
-3.18007e+277
inf
1.45084e+199
-4.61169e+34
inf
-inf
1.0698e+196
5.51565e+216
8.83222e+288
-inf
-nan
-3.99392e+103
9.74514e+200
7.95586e+251
1.29476e+209
3.89551e+202
3.37422e+301
11328.6
-inf
3.4711e+241
-5.39187e+257
inf
-1.35714e+252
-nan
8.05678e+202
6.29478e+238
1.6393e+176
inf
inf
-1581.69
inf
-1.43048e+270
inf
2.96206e+249
-inf
inf
-1.34056e+141
-1.76628e+233
-5.53751e+188
2.70004e+172
-inf
-3.44576e+274
2.1334e+48
-inf
2.28361e+52
inf
-nan
inf
-inf
inf
-inf
2.99073e+219
-nan
-1.03172e+305
-inf
1.72531e+109
8.79358e+226
-5.09587e+225
-inf
-1.55394e+161
-inf
-nan
-inf
inf
-inf
inf
13249.3
inf
inf
3.04703e+256
4.51217e+175
inf
-inf
-2.80576e+165
inf
-inf
-nan
-inf
3.72852e+302
-nan
2.8309e+142
inf
inf
-inf
-1.26099e+276
1.33055e+308
-2.81153e+212
-5.64387e+200
-5.28824e+156
-nan
-3.30178e+230
inf
inf
-2.61756e+155
1.25108e+252
2.60791e+273
12358.4
1.60885e+302
1.39017e+214
7.66322e+284
-inf
2.40399e+292
2262.26
-25218.7
2.06218e+06
-nan
-inf
2.05421e+15
1.00522e+224
-1.81388e+216
6.79265e+183
-nan
1.41154e+204
-9291.05
-3.30778e+52
inf
-6.84373e+119
-1.42583e+267
-nan
inf
4.46479e+237
-inf
-1.58488e+185
1.63744e+158
5.72203e+197
inf
-inf
7.96003e+160
inf
464.068
-inf
-inf
Division-By-Zero
inf
1.58135e+144
-nan
-1.4689e+06
-nan
781581
-5.73972e+232
-inf
inf
inf
inf
-inf
-inf
1.73902e+191
inf
21875.3
inf
2.64106e+163
-inf
-inf
9.00737e+299
-inf
1.02067e+79
-4.997e+223
-9.31323e+20
-nan
5.34372e+231
4.21468e+269
-1.28356e+205
-2.0812e+180
-inf
40846.4
4.35059e+187
-2.73472e+275
1.28795e+259
8.71123e+176
-inf
-inf
1.06754e+135
3.41758e+205
-inf
-inf
-inf
3.02556e+221
-21308.7
7.85688e+84
-inf
-2.82623e+192
5.51671e+217
inf
inf
5.10271e+80
-nan
4.76317e+151
9.5985e+151
7.06578e+287
-1.7132e+256
5.94457e+109
3.14441e+61
-5.79661e+108
inf
-inf
-inf
-inf
-2.10941e+280
-inf
-5.77968e+220
inf
2.86223e+185
inf
-6.66801e+240
-nan
Division-By-Zero
-inf
6.90868e+176
-inf
inf
-55056.1
inf
-1.11082e+275
1.73888e+288
8.84045e+89
-438739
inf
-1.95685e+272
-26792.8
-nan
-inf
9.25247e+261
-inf
26873.7
inf
-4.35248e+159
inf
inf
inf
inf
-8.97892e+169
4.18923e+55
-inf
1.27773e+182
Division-By-Zero
1.787e+227
-inf
2.38577e+50
inf
-7.35382e+211
-inf
inf
-1.94979e+17
-inf
-2.61946e+278
inf
-1.37947e+220
1.60953e+189
inf
-6.06276e+286
inf
-inf
-inf
-inf
-inf
2.43626e+117
4.30225e+306
277255
4.28361e+210
-8.67803e+303
inf
-inf
inf
-2.507e+52
Division-By-Zero
inf
-inf
Division-By-Zero
4.09955e+70
3.1734e+119
-inf
-2.62913e+177
inf
-1.03749e+25
inf
-57644
inf
1.03314e+138
inf
-3.51289e+107
inf
1.00265e+263
4.2479e+07
-5.36589e+54
-nan
inf
-inf
3.75825e+250
1.91464e+111
-1.53758e+67
-9.81447e+136
-4.12846e+235
inf
-7.23701e+75
-3.36147e+299
-2.64422e+123
-inf
-inf
-nan
inf
4.31023e+299
-1.42344e+220
-nan
17139.3
inf
3.95908e+262
inf
5.62272e+71
-inf
-1.21451e+285
-inf
11123.4
-inf
-inf
1.16537e+06
inf
inf
-3.75767e+291
4.36591e+107
-inf
inf
-inf
-1.45351e+270
inf
6.27293e+205
-inf
-43892.6
inf
1.13025e+305
-nan
18381.9
inf
-1.05718e+06
-4.39733e+221
-inf
inf
-inf
-inf
-inf
-5739.28
43779.6
-7706.45
-1.34912e+216
inf
-6.34172e+113
1.89242e+33
5.3938e+185
inf
19808.1
inf
-inf
inf
1.18177e+126
inf
inf
-nan
-nan
-2.49866e+19
inf
inf
-inf
inf
-5677.22
-6.65712e+162
inf
1.55009e+275
1.9223e+263
1.89714e+171
-inf
-inf
-5.45591e+83
-inf
-inf
1.00064e+24
-nan
3.87223e+06
1.29742e+119
1.07064e+168
-inf
-1.58038e+276
inf
-2.74389e+06
-inf
inf
-1.56924e+125
inf
inf
-inf
-49893.6
inf
-inf
-3.39713e+166
-9.61639e+287
395785
-inf
5.17841e+102
-2.11766e+258
inf
-4315.45
-inf
-7.95653e+217
5.18439e+304
inf
1.20729e+89
-inf
-9366.8
3.81628e+189
inf
4.92188e+110
-1e+166
-inf
-inf
-nan
inf
-5.64609e+189
-1.58689e+186
-2.17446e+181
-2.37762e+293
3.19054e+116
-inf
inf
-inf
-inf
inf
inf
-1.39579e+272
-inf
6.37858e+131
-nan
inf
-2.92159e+228
inf
-9073.46
1e+200
1.07438e+256
2.23198e+305
-inf
-8.78248e+300
inf
-2.7044e+224
-3.95018e+103
-inf
-inf
7.14289e+115
-inf
-1.23375e+25
-3.84183e+282
-2.95127e+94
1.00962e+297
-3.98761e+146
-inf
-inf
-inf
inf
3.43172e+213
-1.10867e+126
-inf
-1.58735e+99
inf
-7.80176e+288
-inf
-inf
-5.13685e+207
-nan
-inf
-nan
-inf
2.0827e+217
-1.91198e+278
inf
3.24785e+160
-4.01735e+59
-inf
Division-By-Zero
-1.00613e+280
inf
198347
-2.92279e+180
-1.91004e+129
5.49975e+116
inf
-37025.8
inf
-inf
-1.3339e+13
inf
1.34841e+168
-nan
5.15171e+237
-3.77504e+107
-inf
-4.15233e+37
inf
3.41797e+122
-1.08396e+110
inf
-nan
-5.44452e+83
5.77951e+35
2.23824e+246
1.39984e+101
-2.16443e+167
-3.14766e+307
-inf
-inf
-nan
-inf
inf
-inf
-inf
3.17217e+30
5.5316e+296
-inf
1.04021e+233
2.0928e+50
Division-By-Zero
-2.55378e+276
7.73522e+185
2.08186e+303
-inf
inf
-inf
inf
1.99192e+184
-inf
-1.4021e+159
-2.17245e+81
8.5899e+170
-3.03301e+86
Division-By-Zero
-6.71764e+195
4.38541e+143
-1.73779e+230
-7.82152e+136
2.19054e+222
5.74963e+107
-inf
-1.70693e+223
-2.07223e+228
-3.54016e+120
-nan
2.10791e+263
-2.54725e+266
1.21206e+222
-inf
inf
-nan
inf
-nan
-inf
-5.08038e+25
3.23641e+127
-nan
-1.737e+146
105.499
-inf
-nan
4.92953e+121
-3.17117e+90
-inf
Division-By-Zero
-3.29679e+191
-nan
6.78281e+06
-inf
-4.17349e+102
1.17212e+167
-9.80053e+46
-10583.8
1.5155e+51
-nan
inf
3.29535e+246
-1.78666e+286
inf
1.02829e+272
-2.58538e+269
inf
inf
Division-By-Zero
-inf
-inf
-2.22654e+63
2.73132e+297
-2.06336e+68
322030
7.4258e+54
inf
5.28345e+243
4.17598e+199
5.16544e+105
inf
-inf
1.62518e+90
-nan
inf
-4.28844e+217
-301566
-1.30245e+70
inf
8.44763e+222
2.31283e+129
1.57921e+06
2.77998e+306
-3.94386e+223
-nan
1.84182e+195
1.86656e+252
-nan
Division-By-Zero
-inf
-1.38574e+271
4.45899e+211
2.38464e+195
-inf
-4.8446e+253
4.13814e+127
-inf
-2.33845e+241
-5.94109e+114
inf
-inf
inf
4.37904e+195
inf
-1.40109e+253
4.95117e+146
1.27805e+193
-inf
inf
inf
2.42182e+248
3.009e+135
-inf
inf
1.57029e+195
inf
-525399
-inf
-6.1353e+172
3.80616e+242
2.87098e+278
-9.68803e+273
inf
inf
5.79058e+61
-inf
1.87259e+295
-1.33944e+239
1.96834e+236
-inf
-inf
inf
-1.81114e+276
-2.55223e+293
-1.02904e+104
inf
-inf
inf
inf
-2.60079e+15
inf
-2.0829e+151
inf
-inf
4.97841e+137
4.24265e+139
inf
-nan
-1.90467e+271
8.7121e+258
7.29956e+195
-1.35897e+270
3.87411e+08
-nan
-3.57434e+224
inf
inf
-1.30296e+232
-3.57873e+304
-nan
inf
2.06454e+17
3.02404e+237
-1.37472e+215
4.54618e+192
-inf
-1.60891e+06
-5.23077e+87
1.99993e+291
-1.70457e+117
7.02955e+159
6.04902e+138
-nan
inf
-5.89314e+272
6.86899e+294
2.74306e+303
9.91168e+273
1.36898e+140
-inf
-nan
-5.49621e+224
327819
-3.35474e+167
-3.50236e+288
-nan
-1.73493e+89
9.27091e+124
-6.1897e+115
1.84202e+101
8.16378e+303
28287.1
-nan
-inf
-inf
6.34169e+153
-1e+218
inf
-inf
1e+72
inf
1.95979e+145
128293
6.52809e+122
-7.41877e+167
-11989.7
-inf
-nan
1.27899e+163
-inf
7.57108e+142
inf
-inf
-inf
-2.47339e+277
-8.03784e+124
-3.08686e+84
-inf
-5.14345e+222
-1.39727e+139
2.90517e+218
-inf
-inf
-nan
-nan
1.09877e+09
8.11528e+95
1.11777e+135
-1.94548e+173
-3.00346e+77
3.51677e+303
1.23562e+244
-inf
inf
-nan
inf
-nan
inf
-nan
-1.70957e+237
1.27742e+265
-inf
-9.29384e+154
-18882.5
-26260.9
1.59927e+80
-inf
inf
2.02116e+57
2.64536e+198
-inf
-33253
1.64467e+197
inf
-1.16798e+195
-2.58485e+10
-2.39468e+132
-1.25785e+176
-1.00661e+08
8.99197e+292
1.18482e+140
-2.13376e+242
inf
inf
-1.24164e+272
-5.81202e+217
inf
-inf
-3.36672e+244
-inf
-7.1491e+168
-4.0271e+280
-nan
-inf
-inf
1.51341e+158
-inf
inf
-nan
inf
-3.99428e+165
1.96448e+131
-5.12658e+209
-nan
-2.41372e+126
4.4225e+90
inf
-inf
-inf
inf
-nan
-6.47226e+134
-inf
-inf
-7.89234e+56
inf
2.19488e+181
-8.24937e+154
-5.47206e+175
Division-By-Zero
-nan
20163.1
-4.40136e+83
1.02951e+229
8.7669e+190
2.66985e+128
inf
2.64274e+268
-3.16279e+07
-1.35115e+299
2.14102e+281
inf
-nan
-nan
inf
1.21378e+131
-inf
7.31829e+212
7.8722e+261
-inf
-3.52313e+126
inf
-inf
-7.56088e+209
1.08784e+281
2.87627e+36
-2.0738e+43
1.68113e+31
inf
-inf
inf
8.06953e+118
18358.9
1.08232e+06
-inf
2.41414e+263
-1.92955e+204
-inf
4.95053e+134
-inf
-inf
-1.96638e+293
-1.52118e+149
inf
5.28071e+81
-nan
7232.67
inf
1.65752e+235
3.00674e+08
-8.294e+120
1.29037e+132
inf
-inf
-inf
2.60369e+307
inf
-inf
-inf
inf
inf
-1.05879e+124
inf
5.87066e+95
1.01128e+271
-inf
inf
-1.97713e+190
-4.03813e+229
-inf
-7.20158e+06
1.11547e+108
1.50337e+68
-246.853
2.99693e+259
inf
-inf
-nan
-1.51016e+115
inf
inf
-3.65756e+228
-108500
-nan
1.57513e+223
1.02661e+147
-inf
1.56791e+208
-2.88738e+76
inf
inf
-1.51292e+213
2.96531e+215
-2.58836e+06
-3.72926e+76
-nan
-1.99896e+303
1.74085e+305
-1.87305e+151
inf
inf
9.46401e+303
inf
-nan
2.57366e+274
-inf
-6054.85
-5.00102e+221
inf
1.90855e+228
-1.9098e+232
inf
-4.68709e+180
2.42309e+230
inf
20096.5
Division-By-Zero
Division-By-Zero
1.09419e+41
inf
5.11968e+202
inf
1.08907e+210
inf
9.34034e+246
-6.45578e+122
-8.00502e+140
1.00235e+179
-nan
1.35815e+295
inf
inf
1.19085e+293
1354.42
Division-By-Zero
4.24214e+68
inf
2.06365e+267
-nan
-inf
inf
-4.71197e+133
-inf
1.2654e+283
6.95801e+187
-1.13505e+237
-inf
-1.61288e+286
-8.54455e+266
inf
3.78112e+206
5.98798e+224
inf
-2.07408e+17
4.69618e+56
8796.26
-inf
-8.29762e+240
4.32358e+164
inf
-nan
inf
-inf
inf
-nan
1e+120
-2.24391e+196
inf
1799.78
1.41872e+289
-4.32734e+147
inf
1.7696e+149
1.16886e+128
-inf
-nan
-1.08347e+26
Division-By-Zero
-3.97859e+184
1.21681e+102
-inf
1.54814e+81
-2.6853e+242
1.33366e+206
-6.98676e+219
-3.79561e+138
3.29535e+246
-inf
inf
inf
Division-By-Zero
inf
9.79039e+259
-2.90632e+115
-1.43141e+271
2.8678e+245
1.07651e+06
-inf
6.20588e+303
inf
Division-By-Zero
1.01276e+280
-nan
-inf
-nan
inf
2.96542e+231
-nan
inf
15842.7
5.10455e+81
1.02951e+195
inf
1.71771e+143
-3.47896e+49
-770332
-6.40293e+104
669.393
7.37119e+285
9884.72
-9847.21
inf
inf
-nan
-inf
-1.01923e+128
2.02162e+257
inf
10040.5
-1.52661e+145
3.71285e+244
-nan
3.8838e+17
7.44123e+294
-inf
Division-By-Zero
9.14667e+234
-nan
-1.6038e+215
1.86211e+06
39716.7
-1.35241e+159
-inf
9.73945e+143
inf
6.42612e+87
-9.66492e+199
inf
inf
1.5308e+266
inf
-inf
-inf
-inf
6.1746e+213
2.58086e+101
inf
-inf
-5.29951e+267
-inf
-3.76431e+250
-inf
-2.22457e+276
-33871.5
-3.74144e+50
2.07822e+63
-inf
-nan
5.21402e+226
-inf
4.57227e+297
-nan
1.26391e+122
-4.54634e+229
-7.15845e+239
-2.54544e+07
-1.48368e+155
-2.06795e+57
-inf
inf
3.56194e+174
3.10796e+294
inf
inf
-inf
inf
-inf
1.46443e+158
inf
-2.49464e+59
inf
-1e+169
1e+210
inf
inf
2.66735e+176
-inf
-2.88878e+135
-inf
-nan
inf
-4.12192e+231
-nan
19046.5
inf
-inf
-8.19721e+67
inf
-inf
inf
-inf
-inf
5.38608e+292
inf
-1.43216e+236
9.9678e+250
4.44853e+217
-inf
inf
inf
-7.49422e+149
35995.4
-nan
-9.57899e+271
-14812.2
2.36136e+122
9.41392e+263
-1.36717e+111
inf
-3.31844e+298
-3.40065e+182
1.9062e+189
inf
-inf
-inf
1.25305e+138
-inf
3.91396e+166
4.99772e+185
inf
-inf
-inf
-inf
2.05388e+214
inf
Division-By-Zero
-3.69992e+140
-inf
1.35611e+297
-7.58512e+151
-inf
-4.39339e+217
inf
-inf
-inf
-1.45383e+231
-nan
-2.97954e+302
-3.58847e+24
-inf
-1.58338e+305
4.46129e+69
-2.51084e+58
inf
-inf
Division-By-Zero
-1.31501e+241
inf
inf
-1.00939e+121
-inf
inf
Division-By-Zero
inf
-nan
inf
inf
-nan
inf
inf
inf
-inf
-inf
373.054
inf
-1.77454e+187
-nan
1.00777e+16
-1.08745e+208
329.232
Division-By-Zero
-inf
-inf
Division-By-Zero
-3.69428e+250
1.90997e+165
1.74701e+163
inf
inf
-inf
inf
inf
3.84176e+219
-inf
-inf
-inf
7.29787e+140
1.96039e+67
5.82912e+227
-5.01369e+205
-1.42416e+218
-nan
9.28271e+290
Division-By-Zero
Division-By-Zero
inf
inf
-6.15235e+112
3.61739e+290
inf
57867.9
-nan
-inf
-4.65394e+261
5.115e+276
-inf
-inf
-inf
inf
-nan
5.40739e+307
-inf
-5.12e+11
-8.20887e+137
inf
-3.98786e+140
-inf
inf
Division-By-Zero
-nan
-1.09111e+86
inf
inf
9.47878e+285
-nan
-9.72056e+284
-5.89314e+271
-inf
inf
1.0513e+146
-6.59601e+227
-inf
-inf
-nan
-inf
1.94999e+296
7.8011e+215
-1.01958e+130
inf
-3.26747e+256
-22122
-4.1812e+33
inf
-1.92117e+06
-nan
-6.35631e+301
-2.20767e+290
5.70607e+225
-inf
-nan
1.35192e+141
7.26757e+135
Division-By-Zero
-5199.44
-inf
1.17666e+119
5.91998e+158
1.29007e+166
inf
1.55189e+60
2.04598e+98
Division-By-Zero
Division-By-Zero
-inf
1.52259e+214
3.3179e+218
-inf
-inf
-3.65895e+67
inf
inf
145919
-nan
2.33567e+57
-nan
-8.59738e+266
-inf
Division-By-Zero
-9.48394e+128
inf
inf
-inf
-2.85132e+135
-3.14247e+137
-inf
-nan
1.43964e+270
inf
-9.07229e+149
-1.16211e+261
inf
8.24185e+59
-47167.2
1.5601e+280
3.81674e+174
-nan
-3.63419e+283
inf
-16653
inf
-1.5889e+295
-inf
2.28507e+185
5.92095e+200
inf
1.05517e+304
39863.3
-2.3535e+129
-inf
8064.7
3.39216e+221
-3.32714e+228
1.79438e+157
9.36972e+297
-nan
Division-By-Zero
3.09967e+103
inf
inf
-inf
-3.46015e+256
-2.50763e+225
-inf
-inf
-inf
2.14525e+155
inf
-inf
inf
-13679.2
-20811
inf
1.06606e+20
6.84375e+131
-112380
2.83282e+301
inf
-3.79371e+268
1.08784e+281
1e+278
-1.04696e+06
inf
6.10642e+275
-9135.36
-inf
-inf
inf
inf
Division-By-Zero
-1.33678e+286
inf
-2.67662e+172
-inf
-inf
-5.86373e+269
-inf
Division-By-Zero
inf
inf
3.01906e+90
Division-By-Zero
1.11625e+248
2.56827e+295
9.40699e+232
-nan
-2.6831e+299
-nan
1.6703e+130
-8.86331e+276
-inf
inf
-inf
inf
inf
inf
inf
-nan
533375
7.52213e+33
4317.21
inf
inf
-1.03048e+231
-5.1923e+33
-6.37977e+190
-2.24604e+143
-6.57546e+168
-1.04217e+84
-5.98252e+229
-3.19334e+293
-5705.28
-inf
inf
-9.92053e+208
inf
Division-By-Zero
-4.13453e+211
-inf
-nan
3.90318e+260
-nan
-7.63858e+275
-nan
inf
-inf
-inf
-inf
4.35728e+165
-1.52683e+48
inf
-1.007e+68
inf
6.16426e+228
-inf
-inf
-1.30044e+193
inf
7.27497e+304
-inf
3.46465e+61
inf
Division-By-Zero
inf
inf
-inf
-inf
2.73618e+188
-1.05715e+183
inf
Division-By-Zero
2.40463e+265
-inf
1284.05
inf
-2.58043e+22
Division-By-Zero
inf
4.08424e+103
2.1937e+210
-5.44669e+144
inf
-nan
3336.92
2.86843e+06
-2.38593e+180
inf
1.34661e+226
7.43687e+285
2.96807e+217
-inf
inf
-1.58718e+279
1.3149e+152
7.62699e+278
-1.08629e+188
inf
-nan
-6.6479e+176
-nan
1.39874e+224
-136.941
-inf
2.66079e+06
1.91104e+211
2.47422e+231
inf
-nan
3.83535e+263
inf
Division-By-Zero
9.27646e+34
inf
13342.1
-1.033e+197
inf
inf
-inf
-inf
3.57364e+213
1.24822e+53
-5.22654e+273
-inf
3.67238e+275
-nan
-1.7696e+149
-1.09262e+28
1.75217e+117
-18895.8
inf
inf
1.50474e+149
-inf
inf
4.99278e+234
1.00418e+154
inf
-inf
36255.8
-nan
-1.21974e+172
-5327.51
-inf
-inf
-inf
9.84587e+209
-inf
-4.80982e+111
-1.83134e+171
5.83916e+303
3.75767e+291
-inf
3460.64
inf
-2.98427e+79
inf
-6.14172e+26
-inf
-4.91059e+117
-3.28909e+151
-3.61116e+204
inf
2.61569e+116
-22476.9
1.8142e+188
-3.26585e+279
-9.13533e+06
-6736.75
4.57185e+176
-1.60829e+304
inf
inf
-4.07936e+208
2.42064e+50
-inf
-633577
-8.9452e+80
-inf
inf
-inf
inf
1.3377e+213
-2.43415e+178
2.08069e+74
-inf
3.48889e+75
inf
inf
inf
inf
4.3276e+08
inf
-1.72527e+141
-23564.5
Division-By-Zero
-inf
-inf
Division-By-Zero
inf
-nan
-1.02442e+06
inf
inf
6.37647e+160
-inf
inf
-nan
-inf
inf
-inf
3.37954e+163
inf
-inf
-inf
3.77144e+285
-2.80272e+159
inf
-2.90031e+248
3.83885e+189
-9.04189e+113
6.06116e+214
-4.17312e+281
-1.12017e+83
-9506.62
Division-By-Zero
-inf
inf
inf
-inf
4.53835e+183
-inf
-7.00746e+298
-8.18601e+304
1.10615e+17
7221.72
-29738.8
-inf
4.10302e+279
inf
2.1451e+70
4.26043e+299
7.56779e+06
-inf
-5.09159e+168
inf
Division-By-Zero
1141.4
-inf
inf
-inf
-6.58828e+243
inf
inf
-5.39408e+134
1.5294e+220
-32591.9
-inf
inf
Division-By-Zero
4.55658e+287
-1.23641e+47
-inf
inf
inf
5.27498e+243
-inf
-4.02642e+220
-nan
-6.36883e+155
inf
1.18045e+272
-nan
inf
-7.43137e+125
9.94763e+180
-inf
inf
-inf
inf
inf
Division-By-Zero
-inf
inf
6.31757e+06
-inf
inf
-inf
3.57156e+162
-1.46072e+269
-2.15112e+176
inf
-9.45948e+233
1.19696e+260
-inf
-2.3113e+193
inf
-4.45792e+66
inf
inf
2.1589e+261
-inf
1.05712e+102
-inf
inf
43705.8
-inf
-nan
-nan
-inf
inf
-inf
-2.25465e+258
-inf
inf
inf
5.22859e+55
inf
-4.13408e+134
inf
3.38386e+253
Division-By-Zero
-nan
-inf
-nan
-inf
-2.04159e+74
-3.6722e+98
-inf
inf
-1.42679e+205
inf
-inf
-inf
-8.14656e+242
3.07839e+128
inf
-4.16751e+239
inf
-2.48244e+126
-inf
3.01188e+100
-1.96503e+191
inf
-inf
-inf
inf
-inf
3.71617e+224
6.06448e+274
-nan
29203.7
-5.84152e+296
-1.35525e+46
-nan
Division-By-Zero
-4.75223e+127
-inf
inf
inf
-5.03308e+08
Division-By-Zero
-inf
1.18503e+172
inf
-inf
-inf
inf
6.33947e+69
2.72288e+285
4.05938e+74
-4.48594e+220
-inf
inf
inf
inf
2.73893e+53
4.63099e+230
-1.79711e+198
18376.3
-nan
-nan
-9.122e+94
-nan
-inf
1.23028e+277
-1.82667e+239
inf
Division-By-Zero
9.04631e+241
-nan
-5.29809e+40
-inf
-2.51761e+28
-inf
-inf
-inf
-3.63638e+96
5.90195e+304
-3.08713e+104
inf
7.10829e+28
-nan
-inf
2.45614e+32
1.89071e+25
inf
-26494.7
inf
inf
inf
9.93316e+219
2.89989e+265
1.64097e+22
-3.7557e+217
inf
-inf
-5.63135e+18
-inf
5.07238e+283
-inf
inf
1.40571e+308
inf
2.01681e+304
-inf
-inf
-1.79384e+206
inf
-inf
1.67685e+255
inf
1.09023e+304
inf
inf
3.28413e+11
2.64526e+134
3.54413e+192
-2.08217e+270
-inf
3.30461e+156
7.70888e+91
407942
inf
-2022.81
818104
inf
inf
1.60472e+125
inf
inf
-2.44889e+280
inf
-inf
344.409
-2.59999e+181
-8.70445e+288
-nan
inf
5194.41
-inf
Division-By-Zero
-1.95872e+61
3.01758e+262
inf
3.79296e+247
4.59667e+289
-6.14094e+105
inf
-3.90219e+302
-inf
-608834
inf
5.6295e+14
-nan
inf
-7.7788e+191
-nan
-inf
-1.39648e+246
-nan
-5.13865e+186
-4.62778e+255
-inf
inf
inf
1.91017e+286
-7.71642e+222
-3.89374e+06
inf
8.50706e+37
5.17386e+166
-10339.8
-7.11168e+258
-690490
-1.16511e+221
3.64479e+263
-inf
-6457.98
-1.12303e+79
-inf
-1e+56
2.08592e+248
436413
inf
4.74216e+228
1.48647e+77
-inf
inf
-7.53095e+267
inf
-inf
-inf
-nan
7726.16
-inf
-inf
2.72539e+252
-3.29813e+96
inf
-inf
3.70921e+156
-inf
3.25254e+197
inf
23916.1
-8.33525e+105
inf
-inf
5.15482e+151
-1.25239e+200
inf
inf
2.14639e+59
-157059
inf
-2.21507e+268
-9178.51
4.08243e+107
3.2934e+152
-3.64487e+74
-nan
-5.30893e+303
2.98762e+170
-3.27339e+150
-9.74386e+189
inf
7.67521e+29
-inf
inf
-7.52112e+275
-inf
inf
inf
3.38354e+124
-3.22022e+245
2.42417e+281
inf
-inf
inf
-2.00193e+160
2.05123e+303
inf
1.82364e+299
-466945
inf
-inf
inf
2.33346e+157
-9.53496e+241
inf
5523.93
-9471.49
-inf
3.53087e+241
-inf
inf
-7.31432e+43
6.68007e+298
1.87615e+120
inf
-24774.3
-6.21007e+231
-9.12034e+257
4.57896e+245
inf
9.4344e+180
-inf
-2.55378e+74
-297014
3.07237e+306
inf
-inf
-5.44547e+201
502.517
11316.6
2.39998e+07
6.41101e+294
Division-By-Zero
inf
4.41264e+157
-1.44239e+281
inf
-nan
-1.3431e+262
-7.67201e+183
-inf
inf
-nan
1.46684e+141
inf
-inf
1.538e+112
-nan
-nan
inf
Division-By-Zero
14074.9
-nan
inf
inf
-6.66744e+73
-inf
-nan
8.25164e+150
-10555.9
inf
-nan
-3.43497e+234
-8774.46
2.52286e+104
1.92539e+06
-42684.2
-inf
-1.66772e+50
inf
inf
-nan
-inf
-inf
-31856.5
-nan
1.27663e+118
1.9869e+280
1.79813e+199
1.52626e+112
-nan
-inf
2.24899e+294
inf
8.90785e+281
8.17384e+196
-1.08694e+173
6.43208e+241
-inf
2.35175e+147
-inf
-27280.5
1.17096e+184
inf
-4.5047e+261
-nan
-1.15801e+210
-inf
-inf
-6.89638e+292
6.82599e+130
-6.31104e+111
2.54217e+298
-6.06276e+286
3.43e+210
-719791
7.19252e+292
-3.23736e+171
inf
-nan
inf
-inf
inf
-inf
3.6093e+131
2.42526e+280
inf
-8.58896e+200
7.66469e+149
-inf
-inf
inf
inf
-3.16397e+273
inf
5.97287e+266
-nan
-inf
-5.36178e+238
-inf
-inf
inf
-8.27777e+293
inf
3.83778e+168
-inf
-1.85267e+208
-inf
2.30487e+305
inf
-4.19621e+06
-inf
-1.21912e+279
inf
-8.62367e+118
1.99192e+184
-1.9873e+261
inf
-7.3951e+169
inf
-inf
-inf
inf
-6940.67
-7.70815e+299
-6.21914e+117
6.68194e+55
1.03475e+196
inf
inf
-3.30964e+183
-1.4989e+73
-7.19357e+243
inf
-7.37342e+284
-4.61188e+115
3.30769e+211
inf
-1.89516e+227
-inf
-3.52872e+303
-inf
-2.28197e+162
-2.34493e+07
-1.69669e+307
-inf
inf
-nan
-1.54113e+201
-inf
-9.98969e+72
-8.32953e+253
19613.1
-nan
-2.81161e+229
-436222
-inf
inf
-inf
1.85693e+223
8.35315e+167
4.15843e+124
-14374.9
-4.6167e+234
inf
-8.15248e+230
inf
-inf
3.52028e+252
-nan
312.978
-2.70683e+268
-3.72862e+153
inf
inf
4.06347e+255
-inf
1.25482e+271
7.79407e+251
-5.9686e+247
inf
inf
-6.65732e+52
-nan
inf
inf
-nan
2.51579e+123
-inf
-inf
6.18324e+184
-inf
4.0627e+237
-inf
inf
4.76905e+72
-inf
-inf
inf
Division-By-Zero
9.95288e+108
inf
-1.8153e+103
1.22624e+291
1.18167e+209
Division-By-Zero
inf
-4.94923e+68
inf
-1.23392e+66
5.06015e+176
-nan
inf
-1.97864e+174
4.19008e+215
-4.10834e+296
3.68354e+220
19696.3
3.00767e+210
4.84019e+116
8.53004e+61
Division-By-Zero
2.15318e+159
-3.78265e+147
-1.62101e+167
-inf
-6.10797e+190
293278
-nan
6.6479e+176
inf
-5.93155e+306
-1.25907e+276
inf
-6.50138e+277
-34112.4
1.55536e+15
-nan
3.95729e+174
2.03539e+232
2.53869e+216
-8.95183e+98
5.01096e+35
inf
1.33055e+308
5.45748e+255
-inf
-inf
-inf
-inf
-4.07071e+228
-7.27587e+300
inf
-2.77487e+34
-inf
7.50872e+156
1.62754e+237
inf
-nan
5.84601e+48
-949121
7.99372e+125
-inf
inf
-inf
8.93837e+305
3.05276e+229
2.39452e+52
-5.00702e+80
-4.11914e+252
-10548.9
-3.18468e+241
-4.28774e+299
3.316e+287
1.27857e+79
-3.17209e+127
-6.03347e+306
5.18853e+280
-8.83763e+300
6.42876e+95
4.46752e+241
7001.38
inf
inf
-1.82588e+08
-6.52532e+145
-nan
5.17383e+286
-inf
3.12175e+304
-inf
-inf
inf
-1.83847e+261
inf
-nan
1613.93
-inf
inf
8.36517e+296
1.76877e+289
inf
1.25149e+298
-nan
-inf
6.93013e+101
-9.33778e+290
-1.26529e+203
Division-By-Zero
-inf
598586
-1.04936e+194
-inf
inf
-8.55752e+270
4.74555e+305
-229944
-1.4723e+155
-inf
inf
-inf
1.29898e+258
-inf
-3.66378e+162
-inf
-2.08151e+122
-2.55723e+151
inf
-nan
-2.16699e+128
-99642.9
-35772.9
Division-By-Zero
-3260.69
2.24195e+268
Division-By-Zero
-8.19528e+294
Division-By-Zero
-inf
-inf
-1.24923e+196
inf
-1.40029e+73
1.09398e+159
-inf
1.42122e+206
-nan
-nan
inf
inf
2.95521e+264
1.56519e+246
-nan
2.59174e+113
-inf
-3.49125e+194
-31637.1
3.65726e+93
-9.30765e+56
Division-By-Zero
inf
-7.63331e+85
5.34482e+56
-1.11134e+299
inf
Division-By-Zero
-inf
5.85907e+133
-inf
1.05297e+67
-7.63322e+206
-inf
2.2935e+280
inf
1.02441e+302
-nan
6666.72
inf
-1.17607e+06
inf
-1.60048e+146
inf
-8.83424e+192
inf
8.17745e+63
inf
1.70191e+178
5116.14
2.36307e+182
2.80182e+110
-23326.1
Division-By-Zero
-3.04325e+162
4.89595e+41
inf
-8582.54
-inf
1.26344e+191
-nan
inf
19167.4
-20796.8
inf
-1.34505e+274
inf
Division-By-Zero
-9.38337e+178
-1.26765e+130
-inf
6.81292e+71
inf
-2.03907e+61
3.2e+285
-nan
-inf
2.99619e+85
inf
-15925.2
inf
3.27669e+166
9.88473e+192
2.20005e+78
inf
-nan
1.91562e+230
-inf
-inf
-1.92318e+182
inf
-inf
6.17148e+244
-inf
-inf
-83703
-1.6455e+63
1.07937e+219
-inf
8.90645e+262
inf
4.12909e+20
-4.64557e+176
-inf
-inf
-1.46012e+97
2.68225e+220
-8354.88
inf
inf
-inf
1.02664e+231
5.25251e+203
-23705.8
-inf
-9.73275e+70
-1.61698e+183
inf
-inf
8.37986e+152
3.57635e+127
-1.9863e+199
-33556.8
-1.07538e+181
inf
-nan
3.59982e+301
inf
-nan
-nan
-inf
2.44109e+234
-1.11242e+228
-inf
-1.96541e+144
3.15002e+52
1.35046e+208
-2.48444e+126
785.418
-1.53259e+293
-nan
Division-By-Zero
5.12714e+107
2.88409e+213
inf
5.29211e+138
inf
-inf
-inf
-inf
6.11539e+228
36290.4
20451.1
1.85602e+242
inf
-inf
-6.04852e+36
inf
-inf
2.26486e+274
inf
-inf
5.97799e+106
2.40488e+296
inf
-nan
9.91106e+223
inf
-nan
-1.61345e+269
1.9899e+293
-nan
-inf
2.93354e+204
-4.13306e+37
11689.8
-inf
-1.86071e+251
2.57776e+295
6438.56
-7.74216e+220
-4.11461e+198
-9.68067e+305
12436
-nan
inf
-nan
inf
3.25442e+292
inf
inf
-1.10907e+130
-3.46043e+264
Division-By-Zero
2.01849e+06
inf
1e+184
-1.35503e+179
inf
-2.7031e+214
Division-By-Zero
-1.70033e+148
6.09088e+291
8.83064e+253
inf
-nan
-6.58377e+257
1.17655e+89
inf
-8.65558e+273
-inf
1.34154e+49
inf
-inf
-1.14238e+247
-8.82793e+71
-6.30498e+142
-inf
5.15979e+206
4.01735e+59
1.40427e+124
2.99604e+257
inf
inf
7.63053e+248
1.71358e+43
-nan
Division-By-Zero
-inf
7.29353e+215
1.38864e+308
1.1645e+230
-2.89018e+109
-inf
Division-By-Zero
inf
inf
-1.40521e+135
-inf
inf
1.49175e+174
-inf
-3.41086e+290
-inf
-inf
6.91175e+284
-4.76288e+298
6445.4
-inf
-inf
3.78308e+179
inf
inf
-inf
5.05563e+112
-99100.3
inf
-2.91365e+191
-nan
inf
inf
inf
-2.58615e+285
-2.49996e+06
inf
4.83787e+32
inf
-5.58217e+132
inf
-inf
7.50309e+118
-4.95805e+70
2.96531e+215
6.97573e+107
-2.48915e+47
3.97431e+185
inf
inf
inf
inf
inf
inf
inf
-inf
inf
-8.27288e+287
-4.69156e+301
4.07458e+113
6.36185e+89
1.27064e+236
-9.23887e+290
1.17171e+06
inf
2.05039e+126
1.71494e+120
inf
49179.6
-1.0968e+252
inf
1.79848e+280
-inf
1.60025e+07
inf
-2.90794e+69
-inf
inf
-4.64233e+107
-2.68821e+208
-6.65039e+239
-inf
-inf
inf
2.91059e+198
-inf
-1.52487e+222
3.83885e+189
-nan
inf
1.44562e+219
-inf
inf
-inf
-5.58954e+146
Division-By-Zero
-747.771
-nan
6.67123e+299
2.65236e+130
1.74723e+06
inf
2.81402e+133
inf
inf
1.57839e+152
-inf
inf
-nan
-inf
inf
-1.48703e+211
-3.38305e+133
53064.5
-inf
-9.81662e+292
2.81983e+190
-inf
1e+57
-nan
-inf
-nan
1.4753e+271
-inf
7.33326e+79
-1.07844e+125
inf
-4.0986e+160
-nan
-1.226e+55
-inf
1.40232e+195
-3.58397e+259
-nan
-2.03693e+261
3.28795e+258
7055.2
-inf
inf
-inf
-inf
6.60752e+219
-6.59986e+99
-inf
1.19707e+14
4.69281e+227
-2.62013e+102
-4.79223e+284
4.15145e+247
-8.7669e+190
-inf
inf
-inf
7.92395e+272
-3.18471e+257
-nan
inf
-inf
inf
-1.1248e+160
inf
inf
inf
2.25392e+272
3.06544e+294
8.54638e+52
inf
5.25128e+95
inf
4.38474e+152
3.66841e+284
inf
-8.35733e+172
inf
1.90647e+253
-1.30769e+259
-inf
7.18285e+280
-inf
-5.04104e+170
2.09242e+303
-1.22291e+295
-inf
Division-By-Zero
inf
1.31416e+270
-2.28384e+136
-6.46599e+08
1.00738e+223
-103549
-inf
-9.73946e+159
-3.51008e+205
inf
-827112
inf
-nan
-1.28522e+118
inf
1.97278e+78
3.75815e+87
-4.36009e+295
-2.65173e+30
inf
inf
3.87399e+104
-8.12464e+256
-1.22839e+38
-inf
-8.31633e+257
-5.04471e+286
inf
2.72145e+215
-inf
-1.49309e+279
-nan
inf
-inf
-inf
inf
inf
inf
inf
7.77376e+262
-inf
-inf
5.45517e+12
-nan
inf
-nan
1.38437e+206
-inf
-1.18214e+228
inf
inf
3.72599e+93
4.40162e+184
inf
5.2622e+234
inf
-inf
7.73541e+240
-5.95648e+165
-4.24391e+94
-inf
1.34003e+223
-2.13599e+256
-2.34208e+210
1.37778e+172
inf
3.44381e+176
-nan
inf
-inf
-inf
inf
-inf
2.91516e+281
inf
inf
-inf
-inf
-4.48e+166
-inf
-inf
582960
446334
-1.29888e+11
-inf
3.42118e+273
-inf
inf
-3.30039e+85
3.83591e+06
5.52061e+23
Division-By-Zero
inf
inf
inf
-inf
-1.97458e+226
-inf
5.58077e+289
9.52982e+287
1.10443e+27
-inf
1.11188e+247
1.1378e+125
-9.33168e+267
-8.38279e+08
3.03627e+189
-1.69124e+262
-nan
-7.34355e+158
4.63666e+275
-inf
inf
inf
-1.10975e+232
-5.56592e+63
-1.30556e+116
1.00339e+45
5.61407e+192
-inf
inf
1.01174e+109
inf
-inf
5.01095e+220
inf
-inf
-2.96374e+154
-inf
1.34105e+258
-16469.1
9.97959e+261
-8.02633e+205
67358
-5.24464e+95
5.39955e+133
3.51844e+13
inf
Division-By-Zero
1.15519e+66
-2.42277e+37
-1.68719e+22
Division-By-Zero
Division-By-Zero
3.04541e+287
2.63454e+148
inf
1.87939e+134
-3.96141e+28
2.27374e+71
-inf
4.21979e+129
-inf
-inf
inf
-inf
-inf
-inf
-inf
inf
inf
-5.50586e+293
inf
3.3625e+293
1.30435e+255
-inf
inf
Division-By-Zero
3.46158e+59
inf
inf
6.62579e+06
-3.17112e+263
-nan
-7.00231e+276
-1.33168e+257
-inf
1.67462e+259
-inf
4.72548e+272
1.0081e+276
-1.22888e+290
-1.27628e+122
-nan
-nan
-inf
6.55257e+121
-8.31807e+251
-3.31206e+246
inf
-3.2397e+231
inf
inf
-inf
6.25e+303
3.7718e+303
-2.79148e+176
-61.3618
-inf
4.43881e+76
21599
inf
-449124
6.25286e+224
-3.22259e+210
-inf
-2.09037e+263
-nan
inf
inf
inf
inf
2.9749e+242
inf
-2.16102e+282
-2.14381e+180
-3.03009e+265
inf
738196
-nan
4.36168e+221
-nan
-nan
2.16953e+157
inf
-8.12059e+102
2.31394e+253
-nan
-inf
-inf
-inf
-nan
1.32754e+185
5.32514e+246
-1.27759e+229
inf
-inf
-inf
-inf
inf
-4.614e+199
-inf
-nan
2.82619e+62
-6.13803e+166
-inf
71222.3
inf
inf
Division-By-Zero
1.32406e+253
2.89241e+232
-4.07458e+113
-inf
-inf
inf
7.39699e+282
15820.3
-inf
-inf
-inf
12012.7
-inf
inf
-inf
inf
-5.42086e+29
-inf
1.05699e+203
2.76438e+275
5.22654e+273
-2.47033e+196
-4.92362e+280
-16019.1
-inf
9.50255e+279
inf
-7.2236e+268
1.47327e+262
3.81761e+184
-2.94417e+184
-inf
inf
inf
1.88919e+62
Division-By-Zero
Division-By-Zero
-4.02878e+89
-inf
inf
-inf
-inf
inf
inf
-inf
Division-By-Zero
-8.23393e+207
inf
2.90981e+40
-4.47417e+258
-inf
6287.58
-nan
6.05004e+301
1.1748e+211
-6.89745e+294
-8.9203e+43
-2.59986e+65
inf
3.02231e+23
inf
-1.38612e+265
inf
-1.68623e+178
1.70167e+206
-1.05586e+227
-2.06795e+57
-nan
-2.47846e+275
inf
-inf
-3.02807e+189
inf
-1.32725e+287
inf
inf
1.32713e+209
-inf
-inf
-inf
-3.7968e+79
-1.38284e+201
inf
Division-By-Zero
2.39299e+72
2.64492e+161
-inf
inf
-3.80242e+150
-5.37557e+286
-4.94974e+160
4.35685e+212
-2.41785e+105
85872.9
inf
inf
-2.8479e+139
5.37612e+157
-43260.1
1.16723e+86
inf
-5.09641e+252
-inf
-4.69588e+22
2.27712e+121
inf
1.42109e+32
-nan
-inf
1.30044e+193
-nan
2.82504e+226
-inf
-2.34633e+249
-inf
7.19357e+243
-2582.57
inf
inf
inf
4.08305e+301
-inf
4.93309e+255
-6.3656e+241
946.08
-inf
-inf
inf
-nan
inf
inf
-1.11412e+118
4.94896e+265
inf
inf
-inf
inf
-nan
-3.10375e+234
-inf
-2.08644e+139
-9.26938e+85
1.59932e+06
inf
708.77
9.84251e+256
-1.33937e+58
inf
-inf
1.08703e+303
inf
7.74609e+159
8.70783e+26
-2.69714e+67
-1.20312e+218
-5.99152e+187
inf
-9.55208e+160
Division-By-Zero
-inf
inf
6.4658e+220
-nan
-nan
inf
inf
inf
-6.40728e+129
-inf
5.24762e+297
303034
-1.41203e+241
inf
inf
inf
-7.23215e+100
1.7137e+204
9.98009e+286
1.84382e+104
-1.83817e+259
-3.23337e+246
-inf
-6.79545e+17
-5.94313e+180
inf
-933637
-3.24452e+37
-42759.9
9.88549e+97
9396.67
-inf
3.91055e+45
5.77782e+06
-3.87255e+73
2.96834e+145
-5.45368e+215
inf
6.0607e+227
-inf
-inf
1.64457e+307
inf
inf
Division-By-Zero
9.73957e+96
1.4031e+70
-4.88508e+73
-4.69281e+227
3.5235e+300
-inf
inf
-5.46298e+36
8.98491e+294
-10370.8
-nan
-nan
-inf
2.16003e+195
-nan
-inf
-inf
inf
3.81888e+184
3.10606e+279
134.086
inf
-inf
inf
7.03953e+209
-inf
inf
-1.5268e+261
-nan
-4.25996e+277
-4.83839e+192
9.26232e+247
-3.96625e+287
inf
inf
2.38989e+195
inf
inf
17252.7
17619.1
inf
inf
-1.99192e+184
-inf
1.15312e+303
-7.24008e+196
inf
2.74172e+248
-1.25606e+145
7.99168e+146
inf
-nan
-5.62867e+305
-inf
inf
-inf
-inf
-inf
inf
-inf
inf
-inf
inf
-inf
-4.20417e+233
4.48068e+171
8.34695e+266
inf
-1.97676e+100
2.37704e+109
Division-By-Zero
-1.14128e+212
-3.42382e+137
-nan
-inf
3.94529e+302
inf
-inf
-inf
-1.48343e+267
2.59693e+218
7.30407e+105
2.01282e+224
-16999.6
-1.20435e+104
-nan
4.74776e+31
8.68043e+167
inf
2.67662e+172
1.09193e+166
-inf
inf
inf
inf
inf
-3.03636e+232
-inf
-4.31753e+307
-9.96575e+186
inf
-1.75936e+54
inf
-465090
-inf
462714
Division-By-Zero
1.39335e+217
inf
4.63351e+63
5004.05
-nan
inf
-inf
Division-By-Zero
-inf
26501.1
5.07497e+150
-4.64638e+124
-inf
1.35282e+169
inf
-1.24489e+286
inf
-7.6576e+105
1.37822e+161
-20406.3
1.7731e+304
-inf
2.5658e+207
-inf
898.963
inf
inf
5.48373e+251
3.1215e+224
-3.77789e+97
-nan
9.91073e+267
1.1993e+287
1.13455e+249
-inf
-6.31389e+120
inf
-inf
-nan
20488.6
9.76362e+192
inf
inf
inf
inf
-nan
-4.25189e+08
inf
-nan
inf
inf
-nan
-1.24974e+250
-inf
8.96483e+37
4.77821e+42
-inf
inf
1.87469e+289
inf
-8.47954e+203
-inf
-inf
-inf
-4.55929e+146
-9.2503e+228
4.64461e+59
-106.866
inf
3.92457e+279
inf
-1.88296e+183
1.45165e+261
inf
-1.82108e+211
inf
Division-By-Zero
inf
4.03698e+128
-inf
-5.43741e+263
-2.2935e+280
inf
-5.97823e+230
-inf
-9.83904e+152
inf
-inf
-inf
inf
-inf
-inf
-2.03286e+300
-nan
inf
-nan
-inf
-nan
-nan
-inf
1.35864e+103
4.82745e+277
inf
-inf
6.98936e+165
2.15142e+199
inf
-nan
-2.9252e+215
inf
inf
-inf
-3.50048e+06
inf
-inf
inf
-2.24812e+67
inf
inf
-8.83066e+290
-2.56292e+186
2.35082e+174
-inf
-2.72484e+82
-inf
-3.63774e+269
inf
-38353.1
8.53756e+282
-1.26907e+243
-inf
4.19062e+288
-nan
-4.44612e+203
2.54629e+188
inf
-5.99982e+244
-inf
6.19987e+185
-inf
1.47761e+213
-inf
-inf
5.94313e+180
inf
-nan
inf
-nan
inf
1.46745e+232
inf
1.52755e+193
-inf
-inf
1.56026e+162
-inf
-inf
Division-By-Zero
-inf
-inf
Division-By-Zero
-inf
9.2578e+272
-1.24048e+303
-6.386e+152
inf
-inf
-inf
-10636.8
inf
-inf
inf
-4.8993e+249
inf
-4.77046e+08
3.61509e+216
-nan
-1.86341e+67
4.09185e+221
4.29217e+235
-inf
1.41957e+227
-3.42434e+292
173357
-1.56256e+59
-inf
3.28112e+142
3.19474e+150
-inf
inf
-inf
3.43213e+190
1.12314e+194
-40466.6
inf
2.79983e+159
Division-By-Zero
inf
-2.84937e+17
inf
inf
-inf
-nan
8.65821e+241
156657
inf
-inf
inf
-nan
-70039.2
4.84582e+235
-inf
1.46072e+269
-nan
-inf
5.87015e+282
inf
Division-By-Zero
-nan
-2.5865e+187
2.08935e+252
38325.5
4.62778e+255
-nan
inf
-2.93024e+277
inf
inf
inf
-inf
inf
-1.66828e+160
-inf
-inf
254560
inf
-nan
4.34942e+245
inf
2.05319e+255
inf
-inf
-14974.5
-2.97217e+160
Division-By-Zero
5.5016e+296
-6.9955e+140
-1.13078e+197
-inf
-9.99322e+214
-4.33814e+65
inf
-17610.6
Division-By-Zero
inf
6.29478e+238
-nan
6.88884e+179
2.90776e+231
-nan
-inf
-nan
-inf
-1.40192e+252
Division-By-Zero
-inf
2.17368e+238
2.75919e+102
-nan
1.86096e+213
5.27659e+155
-inf
inf
9.28999e+300
-9.04394e+238
-2.03704e+240
inf
4.68595e+279
-inf
-inf
-inf
-nan
inf
2.51217e+202
-1.95229e+200
-4.42969e+111
-5.34983e+277
7.65456e+305
-nan
inf
-9.55734e+221
Division-By-Zero
-inf
-nan
-13803.2
5.15378e+247
-4.21222e+22
inf
6.3077e+93
1.15685e+125
-1.56903e+209
inf
-nan
inf
-3.97237e+195
-1.63062e+158
5.73375e+28
-nan
-inf
-1.79853e+168
-inf
1.71873e+271
1.54608e+258
inf
inf
2.86832e+305
-nan
7.37003e+222
inf
-5.08577e+142
1.38178e+267
-33840.3
1.20961e+06
-1.88174e+144
6.49585e+144
-1.87228e+194
-inf
inf
9.79707e+07
-1.45994e+158
1.26785e+94
-inf
-inf
-7.02955e+159
-inf
inf
300751
1.95548e+192
3.33205e+269
30664.9
1.01296e+83
-inf
inf
inf
-32771.8
2.32628e+238
-1.84532e+272
-8.19993e+130
-2.57161e+287
-inf
-inf
-3.93177e+226
1.31207e+286
-nan
inf
-1.3505e+239
-5.3109e+49
4.21128e+72
inf
inf
inf
-1.97423e+31
3.38249e+45
5.26561e+64
1.29691e+263
-nan
-inf
-inf
-inf
-inf
2.9007e+146
-nan
-9.53242e+218
-1.38612e+265
6.02405e+158
-inf
-2.99133e+238
inf
Division-By-Zero
-inf
inf
-inf
1.91173e+299
9.99107e+221
-inf
-1.67029e+259
-inf
-4.30532e+275
1.27287e+165
9.20243e+75
-nan
2.35489e+293
-inf
-nan
inf
-2.65569e+182
inf
3.15614e+257
-1.63463e+120
inf
1.66925e+209
inf
4.80259e+155
-1.99982e+206
-inf
-inf
6.89546e+176
inf
6.54553e+201
-inf
-inf
5.29369e+185
-1.63025e+116
-inf
-7.56723e+278
inf
21300.4
5.9034e+291
-8406.15
1.24231e+186
-inf
184.913
inf
-inf
3.25652e+252
-7.6963e+198
-inf
1.40829e+300
1.12288e+74
inf
-1.09844e+246
-3.51482e+241
-inf
7.63952e+285
3.75129e+06
-inf
inf
inf
-nan
-3.63734e+220
inf
-5.67552e+173
Division-By-Zero
8.72656e+177
1.13617e+19
4.01199e+227
-inf
inf
-nan
-3.50831e+302
-inf
inf
-4.44459e+157
-3740.71
inf
inf
4.75309e+104
Division-By-Zero
23060.5
-6.60413e+239
-inf
inf
-inf
-1.73004e+163
-inf
5.08555e+255
1.43889e+211
-9.63553e+170
-inf
2.72399e+73
1.72838e+166
inf
-inf
inf
-1.87196e+63
-6.15656e+113
3.01864e+279
-8.46003e+238
-inf
-8.26378e+242
-inf
2.10379e+49
9.88886e+168
inf
-2.6311e+289
2.18953e+263
5.23742e+151
-inf
-inf
2.03906e+248
inf
2.64191e+304
-nan
-5.12407e+250
-nan
-35661.1
-7.086e+63
-inf
3.75953e+172
1.20463e+211
-inf
-2.84761e+234
4.31827e+187
inf
-inf
-1.43311e+161
inf
9.17345e+213
-inf
inf
-1.39235e+188
-1.06509e+132
-nan
2.97529e+149
inf
-inf
2.00222e+199
7.37173e+210
-inf
2.8397e+127
inf
-nan
-14112.8
-7.39444e+189
-inf
-inf
inf
-1.93069e+132
-1.99795e+300
1.58412e+95
Division-By-Zero
-inf
-1.90549e+254
-inf
-1.92802e+183
-inf
255914
-1.63809e+303
5.44544e+223
7.00199e+301
4.56353e+174
inf
-inf
2.8254e+196
-nan
inf
-3.40688e+266
-2.44827e+256
-nan
-inf
-inf
-inf
-4.51986e+25
-648610
7.86675e+245
1.11872e+261
inf
-inf
2.02504e+276
inf
21404.1
1.56766e+230
2.7527e+238
2.2609e+28
-2.61817e+86
-inf
-inf
-1.09037e+157
-inf
-inf
1.62895e+270
inf
-41283.8
3.20332e+234
-1.16294e+249
inf
-1.03398e+182
-3.99165e+254
inf
-inf
1.14338e+211
inf
5.77199e+252
-1.15041e+130
-nan
3.45836e+67
-1.26462e+225
-4.83693e+277
-5.83916e+303
-nan
-3.54501e+89
-inf
-9.48063e+261
1.18496e+217
-2.16033e+268
970.806
inf
-2.62713e+285
inf
-4.68442e+171
inf
7.34361e+268
inf
inf
Division-By-Zero
4.84202e+192
-34150.8
-8.15455e+181
1.39314e+11
-inf
-1.31788e+266
1.16921e+07
1.44306e+190
-inf
inf
4.98433e+296
22438.2
inf
-8.12673e+130
-inf
-inf
-4.72115e+116
-inf
-5.92138e+261
inf
-inf
-5.3522e+161
inf
inf
inf
inf
-1.10025e+308
-6.47013e+73
inf
3.7718e+303
-nan
1.44622e+172
-2.09715e+13
-inf
-2.88988e+83
-5.51281e+210
-1.03846e+147
3.19764e+274
-inf
1.88638e+111
-nan
-nan
-inf
2.23435e+270
-7.15804e+259
6.237e+290
535533
-7.96713e+304
9.92304e+278
-inf
inf
3.88593e+300
-6.03019e+185
1.61028e+169
-nan
2.72313e+195
inf
5.25234e+10
-inf
inf
-44553.7
inf
5.75506e+71
inf
5.5092e+231
inf
inf
-nan
inf
-6.47705e+127
-inf
inf
inf
-inf
-22562.5
-nan
-inf
25016.6
inf
inf
6278.5
-inf
inf
-nan
-4.72368e+235
1.8861e+101
-2.0484e+163
4.14616e+238
1.64803e+224
inf
1.64465e+215
-inf
-inf
16163
6.48362e+178
-inf
438.425
-18366.1
-inf
-inf
inf
-1.88594e+199
-5.54254e+150
-27760
inf
9.584e+226
-31126.5
inf
inf
-3.64222e+295
-inf
-19748.2
-nan
-3.45859e+273
-inf
346699
-inf
-2.3989e+06
2.81464e+208
-3.36097e+227
1.03017e+239
-inf
inf
inf
inf
-nan
inf
-2.13513e+278
-1.10419e+159
1.27327e+06
-inf
-inf
-4.13849e+275
-1.24487e+06
inf
-inf
3.3841e+119
1.48973e+212
4.04502e+266
7.31591e+202
-6.80327e+206
-1.77176e+272
1.04013e+97
-inf
-inf
-inf
-2.26413e+70
1.20389e+252
-inf
-7.26554e+87
inf
-inf
inf
4.60185e+302
7.1814e+293
15008.9
-1.62466e+80
3.52063e+273
-inf
1.76105e+308
-523772
-nan
-nan
-inf
-inf
-7.55137e+286
-inf
-3.14966e+266
-inf
inf
-6.98412e+274
1.93901e+173
-2.14265e+261
2.06969e+219
-inf
-5.07529e+68
1.92999e+169
-1.21451e+285
inf
2.78557e+288
inf
-inf
Division-By-Zero
-inf
Division-By-Zero
2.1688e+145
9.25909e+99
-8.61426e+247
-inf
2.64533e+99
inf
inf
-2.49341e+99
-457441
8.63905e+86
2.77969e+270
-1.79748e+207
3.27275e+171
inf
-9.49252e+275
-3.49437e+238
3.07225e+274
7.21956e+228
-inf
11484.2
-6.11107e+249
-nan
inf
4.66721e+226
inf
inf
inf
4.83092e+267
40736.3
3.23447e+200
-4.57206e+131
inf
6.23525e+93
-inf
2.09193e+112
889.196
4.36223e+132
inf
inf
-3.8346e+147
-7.87269e+230
1.7856e+06
-inf
7.24209e+271
-nan
-inf
-1.75929e+10
-4.13289e+191
2.38912e+59
2.61807e+296
inf
inf
-inf
-7.76008e+223
-727.866
-inf
inf
-inf
5.98746e+232
inf
Division-By-Zero
-inf
1.0608e+127
-nan
-1.16281e+201
1.75028e+135
-nan
1.35943e+222
-nan
1e+104
-nan
-1.51762e+186
-1.3855e+115
-inf
-1.84875e+274
1.55906e+264
-8.32472e+189
inf
Division-By-Zero
5.13982e+211
6.97998e+60
-5.3792e+292
9.70456e+294
-75656.7
-nan
1.81615e+30
-9.24309e+251
inf
-nan
-9.89401e+261
4.93816e+301
inf
inf
-1.44663e+194
-inf
-2560.96
-nan
-inf
-nan
-nan
-nan
-inf
1.62768e+06
-nan
7.34702e+221
-4.33866e+273
-2.99508e+06
-1.10025e+308
inf
3.89084e+282
inf
3.38776e+119
-1.17743e+215
-4.26629e+239
9096.71
-nan
-nan
183942
2.31486e+76
-6.45832e+233
-inf
-30546.4
inf
-8e+288
inf
7.56285e+262
-1.31123e+255
-3.91666e+149
inf
Division-By-Zero
1.28689e+197
1.35085e+18
-7.30303e+294
-inf
-5.62878e+43
-nan
inf
-nan
1.79448e+160
Division-By-Zero
7.62943e+164
1.88636e+128
-inf
-nan
-8.95314e+30
1.57566e+269
-inf
5.65427e+07
-3997.26
inf
-1.25127e+299
2.95008e+292
-inf
inf
-231.121
-2.38535e+186
-inf
-7.94968e+49
Division-By-Zero
-inf
inf
1.8681e+245
inf
-1.70456e+42
-1.02551e+78
inf
-nan
-nan
1.11143e+305
-3.93926e+248
Division-By-Zero
-5.8709e+41
-1.37702e+06
-inf
-3.64315e+143
9.16585e+189
inf
-inf
-inf
-inf
-143410
2.44889e+280
-4.54558e+304
-inf
inf
3.80277e+218
inf
156131
12841.7
-1.69864e+181
1.1741e+271
4.96194e+189
-3.8779e+174
6.35082e+67
1.40361e+299
inf
-inf
-2.73141e+299
-2.49183e+274
inf
1.80776e+38
4.68303e+151
inf
-nan
2.93589e+117
6.61344e+267
1.91044e+208
inf
9.31484e+137
7.65189e+262
inf
-1.7137e+204
11863.1
Division-By-Zero
inf
2.47339e+277
-3.60861e+107
2.56225e+47
-2.53832e+20
-2.19089e+273
7.36818e+281
3.82907e+224
5.57408e+288
-nan
-4.30554e+160
-2.40786e+182
-66726.2
-6829.18
-nan
-1.33696e+154
-inf
inf
-1.67179e+151
4.83777e+222
inf
-inf
-inf
inf
-inf
-inf
-1.53267e+254
-inf
-3.08403e+233
-nan
inf
7.31302e+29
-2.43247e+236
-nan
-inf
-nan
1.81731e+230
-inf
inf
-nan
58997.5
-inf
47544.8
3.619e+191
-inf
-inf
-4.84953e+221
-7.70183e+117
-nan
inf
2.64181e+123
-5.64359e+246
-1.06703e+292
3.39324e+239
inf
inf
inf
inf
11135.1
inf
-inf
-nan
1.88988e+116
-nan
73517.5
inf
-inf
inf
7.0355e+15
2.74863e+174
inf
-659392
7.96322e+135
6.81747e+281
-nan
-786626
1.33315e+65
-6.27233e+211
-5.02474e+199
6.08057e+78
-2.54983e+146
-1.96458e+181
inf
inf
-3.0332e+175
-nan
-5.01673e+280
-nan
-1.84382e+104
inf
inf
-1.95878e+248
6.9955e+138
-inf
7.29009e+67
-2.69852e+176
-inf
-nan
-inf
2.06365e+267
1.06168e+80
1.45044e+292
5.54188e+300
-1.3576e+103
-4706.05
inf
-1.30102e+287
inf
-inf
inf
-inf
1.19282e+44
-1.19002e+184
-nan
-inf
5.62349e+141
inf
-inf
17691.8
-nan
-inf
-7.34913e+110
5.2286e+297
-2.30193e+239
inf
-inf
-inf
2377.48
2.27135e+113
-inf
8.85904e+16
inf
-inf
-inf
Division-By-Zero
9.43961e+106
1.06228e+183
-1.23725e+235
1.30247e+272
2.23883e+245
-4.87877e+288
-25104.5
1.94733e+302
-nan
1.49388e+252
-1.81147e+207
-inf
7.31594e+136
-nan
Division-By-Zero
-inf
-2.63427e+265
inf
inf
-nan
-9.73248e+176
-nan
inf
-inf
-28699.7
-inf
-nan
-21989.2
-nan
inf
3.42943e+238
inf
inf
1.56032e+253
-nan
3.86125e+281
-3.50994e+116
-inf
21955
inf
2.56182e+227
-2.21391e+254
inf
386809
inf
1.59512e+257
-nan
-8.41788e+239
Division-By-Zero
-9.98787e+237
-nan
inf
-5.79455e+69
-inf
-1.124e+06
3.55828e+274
-inf
-inf
8.02379e+260
-nan
-2.58651e+264
-inf
inf
inf
-6.37141e+216
-5.35299e+06
-inf
-inf
inf
inf
-inf
8.00301e+13
-nan
4.17121e+173
-nan
inf
1.39336e+217
4.958e+250
1.49539e+103
-2.09262e+129
-3.51609e+207
4.54113e+272
-inf
2.9113e+237
-3.46322e+211
inf
inf
2.00524e+255
inf
inf
-inf
-6.10998e+275
-inf
-2.7264e+211
-3.91901e+269
1.11636e+185
-inf
-1.59921e+48
inf
-inf
-nan
inf
-5.83205e+230
Division-By-Zero
8.45302e+286
-inf
Division-By-Zero
972609
inf
inf
-inf
-inf
inf
-inf
inf
-9.42677e+188
-inf
-17066.9
1.75642e+248
inf
5.7118e+202
-5.29886e+153
12521
2.69265e+285
-inf
-inf
-inf
-14796.8
-2.52659e+294
5.42086e+29
-7.40156e+69
-inf
inf
-1.47133e+132
-1.32248e+228
inf
-inf
-2.09037e+263
inf
-6.67931e+240
2.98604e+87
-inf
-2.96013e+251
4.32979e+217
-2.82183e+97
inf
2.06405e+181
-nan
inf
inf
inf
Division-By-Zero
2.81057e+171
-8.99438e+174
-inf
-inf
-inf
inf
-inf
inf
-1.96053e+71
-4.13289e+191
8.83e+193
4.11301e+296
3.09203e+271
-inf
-4.92464e+301
-inf
-inf
3.38101e+63
36015.8
-inf
-399282
-inf
-1.36113e+169
inf
-inf
217355
-3.89566e+301
-inf
inf
1.09837e+158
2.92694e+212
-23850.9
-inf
inf
1.89335e+90
-inf
inf
-555.814
301.58
inf
7.14161e+115
1.97604e+153
-1.37439e+48
3.30964e+183
-4.44337e+123
1.40482e+13
-1e+26
-inf
-inf
-inf
2.44725e+55
-5.53088e+151
-2.11313e+261
-1.34123e+06
-6.41995e+240
1.04054e+169
inf
3.87902e+262
-8.06995e+215
inf
-inf
-1.87305e+151
4.23306e+50
2.79655e+132
-inf
inf
-3.11973e+35
4.21786e+187
9745.1
-3.44307e+06
2.37142e+169
-inf
inf
386767
10640.8
-6.49399e+187
6.11616e+237
Division-By-Zero
-9.16413e+240
Division-By-Zero
2.27448e+70
6.64082e+199
-2.00217e+279
-inf
-5.05441e+81
2.39704e+137
inf
6.82961e+290
-inf
-19835.5
-inf
-nan
-nan
1.52601e+204
-inf
1.43666e+249
Division-By-Zero
6.04124e+222
-inf
inf
-inf
-1.01559e+36
-inf
inf
inf
inf
-583269
inf
-2.44865e+279
-3.2507e+264
-nan
-inf
-2.34444e+129
inf
inf
-8.34123e+43
-inf
inf
18037.3
1.685e+66
9.23232e+235
-7.91949e+300
-inf
inf
-inf
-4.75917e+259
-nan
-inf
-nan
-inf
3593.09
-inf
inf
-inf
-inf
-5.77968e+220
-41497.9
inf
-2.09565e+160
-inf
inf
-8.17182e+224
-496.774
-2.12421e+242
-2.87287e+170
-7.35567e+155
inf
-nan
-12837
-4.44767e+182
inf
-6.24501e+213
-inf
2.35267e+142
inf
-nan
inf
inf
inf
-nan
inf
inf
inf
-1.45998e+194
-5.71153e+189
-nan
inf
-inf
1.0615e+225
1.90256e+198
-nan
-4.08074e+149
-1.97361e+301
6.8081e+138
-nan
-inf
-nan
8.80898e+155
inf
-1.35743e+48
2.96807e+217
2.22035e+278
inf
-4.93439e+232
inf
-nan
-inf
-inf
-inf
inf
-inf
2.48097e+191
-1.61603e+55
6.85589e+268
-nan
-29716.1
7.56348e+111
-26202.6
1.84306e+83
5.19874e+08
2.9998e+59
inf
9.98489e+241
2.20473e+93
2.97817e+140
614840
-inf
-inf
inf
-2.27669e+243
-inf
6.4525e+199
-nan
4.77944e+192
8.43439e+221
2.49356e+06
inf
4.52364e+289
-nan
-15261.7
-nan
-5.64729e+300
8.47417e+270
-2.23688e+73
-1.37025e+216
inf
-40981.4
inf
-1.56676e+43
5.91998e+293
1.79701e+177
-nan
inf
inf
-inf
-1.91198e+278
-inf
-inf
-inf
-1.97842e+24
-2.67229e+172
-519366
inf
inf
inf
inf
-inf
3.49061e+154
inf
Division-By-Zero
inf
1.97215e+173
-inf
5.07784e+254
3.62265e+167
-40751.5
-8.89305e+225
7.05117e+133
-4.80278e+259
inf
-inf
9.49761e+300
Division-By-Zero
inf
2.58224e+109
8.14438e+23
2.97558e+20
inf
inf
-nan
-31384.3
inf
inf
-3.92762e+257
-23361.7
inf
inf
inf
-21030.1
-3.69061e+300
-1.53048e+155
-7.50825e+56
inf
inf
-inf
-16957.1
-inf
3126.36
-1.28409e+117
3.03237e+226
3.92133e+287
-1.01478e+195
-2.16119e+167
inf
inf
4.86699e+252
-28549.8
-inf
-3.89428e+76
-inf
inf
inf
2.19079e+175
-4.58962e+97
6674.11
-inf
inf
-6.45773e+298
inf
-4.60057e+115
10666
6.64524e+195
-2.22671e+264
-2.02183e+06
-nan
-3.1274e+211
-inf
inf
-2.50744e+251
-inf
inf
1.2118e+06
-inf
-2.52406e+299
-inf
-6.3702e+274
1.15177e+93
6.35911e+234
-inf
Division-By-Zero
Division-By-Zero
-7.2811e+254
inf
1.29646e+178
-5830.16
-inf
-106218
-3.22715e+267
-13621.6
inf
inf
inf
-2.1648e+264
2.70877e+255
inf
2.62601e+253
-1.59526e+221
-nan
-4.59278e+209
-376641
inf
1.34427e+301
11733.6
1.56289e+08
1.14591e+189
-821126
inf
1.45554e+247
-inf
9.40461e+259
-4.75654e+178
14476.8
1.85251e+167
-1.02123e+273
1.32131e+252
-4895.43
-1658.68
-1.04833e+279
8.62013e+199
2.82232e+227
inf
-inf
inf
-2.23744e+231
6.48431e+210
-inf
-inf
-4.74284e+147
1.17446e+105
inf
-nan
-nan
inf
4.60249e+151
-6.60883e+20
-3.74695e+257
-3.56329e+213
2.15105e+114
inf
inf
-nan
inf
8.72796e+42
inf
2.60435e+187
5.39049e+235
-inf
inf
4.01291e+250
-inf
inf
-inf
inf
-5.32725e+196
-9.1366e+202
inf
inf
445620
-5.47002e+06
1.52829e+188
-49271.3
-inf
-inf
-inf
1.62702e+256
-inf
inf
1.32923e+36
391.639
-4.65306e+145
-3.79264e+42
85340
8.44515e+51
2.32489e+283
-inf
Division-By-Zero
inf
inf
-2.13126e+213
inf
-43800.7
9.0131e+263
inf
-3.63805e+238
inf
-1.28636e+290
inf
-1.30765e+245
-7.92594e+218
-inf
inf
-inf
5.66672e+241
-nan
1.58828e+16
-9.55522e+97
-9.53133e+14
-1.28393e+06
-inf
inf
-1.26102e+102
-36297.8
inf
-6.67887e+245
2.07381e+06
-inf
2.09511e+151
-nan
-3.38376e+157
inf
-inf
1.94996e+301
inf
inf
-inf
-5.56156e+302
7.37775e+250
-1.6455e+168
7.3695e+294
inf
-inf
6.03347e+306
Division-By-Zero
-inf
-2.5074e+153
-nan
inf
inf
-1.02898e+192
inf
-inf
inf
-inf
-5908.3
1.93215e+253
-inf
1.81531e+123
6.5098e+140
1.37935e+210
1.94319e+170
-inf
1.4146e+76
inf
-nan
inf
-27941.9
3.88937e+225
-1.99157e+156
inf
-inf
1.52588e+11
-inf
-inf
inf
inf
2.07965e+58
1.27315e+89
2.59765e+148
-inf
-7.1802e+229
1.64253e+254
-3.89835e+141
-nan
1.6264e+273
-1.00603e+06
-inf
6.30594e+182
-inf
inf
-1.91282e+79
-1.67048e+120
-1.59043e+236
-1.3379e+295
-inf
4.42969e+111
1.51585e+172
-2.65722e+303
9.2056e+116
8.88573e+268
-nan
1.29899e+123
2.50965e+93
inf
-9.90971e+300
-inf
-4.80034e+77
1.64018e+83
7.05647e+48
-nan
2.2789e+134
2.01019e+83
4.23776e+281
-791.277
-inf
-1.7611e+131
inf
7.87092e+293
8.33311e+244
-inf
-1.5325e+114
-inf
-1.49964e+304
-inf
-inf
2.25211e+252
1.7001e+06
-7.65008e+285
3.93747e+272
269571
Division-By-Zero
-3.91133e+160
-1.65278e+304
-inf
-1.07273e+292
-inf
2.59419e+209
-inf
-nan
inf
-inf
-7.77456e+300
inf
-inf
inf
-inf
-nan
6.10226e+256
inf
inf
-nan
1.77002e+227
-inf
-inf
-inf
-inf
-inf
-nan
-inf
-4.25542e+109
-929348
3.73106e+296
-inf
-3.78752e+247
-inf
-inf
-5.85946e+258
1.34368e+71
3.11653e+130
inf
-inf
-inf
1.05512e+55
-inf
-3.57696e+213
inf
16427.5
-inf
inf
inf
-2.62419e+139
2.02995e+289
-inf
-inf
-inf
7.1002e+192
inf
-2.84789e+201
inf
-nan
-1.26767e+255
inf
1.82121e+192
inf
1.47908e+169
-inf
-10023.2
-inf
inf
Division-By-Zero
-1.50073e+203
-inf
3.48089e+286
inf
-nan
inf
-inf
inf
inf
7.28144e+255
6.30929e+267
3.57099e+282
-inf
inf
-3.68483e+263
-inf
-6.62967e+121
-3.24069e+170
inf
-5.52234e+294
-inf
inf
-nan
1.30862e+32
inf
-1.09333e+199
-2.09576e+136
-3.48912e+242
-4.81876e+140
-3.03957e+34
-inf
-inf
2.87527e+92
-1.38997e+158
-7.273e+287
-inf
1.25893e+94
inf
1081.32
inf
-1.92789e+06
2.70683e+268
-3.66718e+64
inf
inf
-3.98889e+229
2.05822e+122
3184.04
-inf
inf
-inf
-1.54707e+212
-5.97904e+175
16290.8
-1.85031e+98
-12260
inf
-7.499e+70
-1.98622e+92
inf
inf
44632.7
-3.64084e+267
-6.98123e+300
inf
-inf
137604
-nan
-nan
-1.28216e+211
6.23186e+279
-nan
Division-By-Zero
-9.67877e+271
-864461
inf
-1.94221e+41
-2.22186e+220
inf
1.06792e+186
-2.38266e+108
-9.51181e+295
inf
-inf
inf
-inf
Division-By-Zero
inf
2.74962e+180
inf
inf
inf
inf
-nan
-nan
2.06173e+93
1.50016e+86
inf
-1.33707e+172
1.47476e+40
inf
inf
-2.82917e+65
inf
2.1994e+169
-7.48392e+45
inf
8.45271e+270
-inf
6.38089e+193
1.52187e+148
3.98936e+255
-inf
inf
-inf
-inf
8.67466e+231
-1.01327e+73
-inf
-1.32829e+278
Division-By-Zero
-9639.59
-inf
2001.55
-4.57773e+129
-1e+200
3.3126e+176
-nan
1.55252e+231
-inf
-2.02246e+174
inf
-2.76472e+200
-1.11242e+228
-inf
-nan
-inf
inf
-5.75374e+197
-inf
-inf
-nan
inf
inf
-inf
-43010.2
Division-By-Zero
inf
4.32497e+208
-10609.2
-3.48093e+209
inf
-6.42876e+95
2.10036e+216
Division-By-Zero
6.26707e+128
-nan
-inf
inf
inf
inf
3.24933e+122
Division-By-Zero
-inf
-1.54598e+44
-inf
-1.58901e+188
-inf
inf
inf
899715
inf
3.03946e+34
-2.49825e+241
Division-By-Zero
-nan
-nan
10820
3.41005e+175
-nan
-inf
-5.98891e+103
inf
-nan
-4.43678e+155
-8.13682e+218
-inf
1.7471e+105
-nan
2.82403e+135
2.49453e+84
-20507.8
3.09041e+195
-1.91389e+198
-2.20442e+256
inf
2.08206e+66
-3.86557e+06
5.11903e+188
-304684
inf
1.1089e+123
inf
-6.61056e+122
5.61633e+299
2.93609e+203
7.31139e+81
inf
-2.06798e+221
-1.1089e+223
inf
-inf
inf
-3.08813e+161
inf
inf
inf
-4.02013e+307
-inf
6.8607e+146
-3.18946e+176
-2.38986e+196
inf
inf
-inf
inf
24298.7
8.55752e+270
-3.14526e+290
-2.79429e+213
5.01316e+218
1.8574e+214
-nan
4.61649e+295
inf
inf
-nan
inf
-3.54601e+06
inf
-6.53673e+215
inf
-inf
-1.15469e+208
-inf
-6.84169e+40
-1.2975e+257
inf
-2.79994e+95
-inf
2.75474e+156
inf
-5.9051e+254
-6.94529e+152
6.98412e+274
-5.27376e+267
-inf
2.13625e+254
inf
6.36941e+55
inf
-inf
-inf
inf
3.22597e+111
inf
3.77029e+37
1.71207e+228
-6.20268e+228
-inf
8.21612e+270
8.42346e+305
-4.86612e+35
-inf
-3.49379e+266
-inf
inf
4.72814e+122
inf
-4.35401e+267
14325
inf
-inf
-5.00085e+250
6.64756e+249
1.13982e+205
-2.10692e+224
7.94706e+288
inf
-3.72528e+271
2.29304e+278
-inf
inf
2.3907e+103
-inf
-inf
-2.66881e+294
-nan
inf
-2.25136e+277
-nan
inf
-inf
1.7869e+62
2.38928e+213
-1.03278e+220
1.42292e+100
-inf
-inf
-inf
6.57321e+270
-4.20473e+200
-2.39718e+163
-nan
-inf
inf
-3.77308e+63
-13101.3
inf
inf
3.22113e+214
Division-By-Zero
inf
-8.78694e+158
inf
2.35082e+174
-inf
8.44508e+278
-nan
Division-By-Zero
inf
inf
-1.28635e+216
-inf
-26321.7
3.07206e+215
6.63429e+125
1.18045e+12
17663.4
-nan
558966
-nan
-inf
7.00802e+09
3.83963e+259
-1.42094e+270
inf
-18105.7
-inf
1e+266
-6.61744e+53
inf
inf
2.00406e+267
-2.56511e+283
inf
5.29407e+79
inf
1.04405e+299
-nan
-inf
-5.39604e+258
-3.76106e+286
-inf
8.36586e+118
-3.13732e+20
inf
-275359
1.01189e+298
Division-By-Zero
4.82385e+145
2.5076e+219
6.23399e+262
-1.33687e+71
inf
inf
-7.70363e+261
7.10776e+197
inf
8.73095e+112
-inf
inf
-1.59044e+279
-inf
-inf
-inf
3.56808e+276
-inf
1.61134e+167
-nan
inf
inf
-inf
inf
Division-By-Zero
1.54403e+279
inf
-1.61915e+23
inf
-inf
-5.15047e+155
inf
-3.01984e+278
-29054.2
7.445e+248
-5.82741e+22
-inf
-inf
inf
inf
-inf
-1.88679e+40
-nan
inf
-nan
-3.9402e+307
-inf
Division-By-Zero
1.75642e+248
-2.11487e+297
-4.62764e+111
-nan
1693.34
2.15035e+273
-3.43478e+254
inf
3.83105e+244
inf
-2.029e+296
-inf
3.25596e+296
inf
2.68756e+06
4.87772e+194
-5.89617e+279
inf
inf
inf
2.25457e+243
-inf
-1.18588e+20
-6.30498e+142
-inf
5.5475e+183
-3.16979e+117
-inf
inf
603156
-1.80737e+221
-inf
inf
-inf
-inf
-inf
inf
30722.1
-inf
-5.48533e+205
-8.98689e+242
inf
inf
2.34434e+137
-2.99699e+302
inf
inf
20459.8
7.00649e+254
inf
-7.3787e+19
1.55394e+161
4.66723e+153
inf
1.9226e+139
-1.46279e+214
-5.14869e+164
-inf
-4.35973e+161
-8.15031e+178
-1.24165e+70
-1.61772e+156
-8.35239e+120
-4.46141e+260
-2.87354e+242
inf
-inf
-2.05654e+272
-nan
2.95182e+220
9.01503e+156
inf
inf
1.60186e+150
-inf
-1.22412e+205
-inf
-2.57275e+249
-1.11083e+36
-3.55249e+71
-nan
-inf
-nan
-2.88096e+300
-4.90628e+281
5.52096e+225
-9.2699e+06
-inf
1.03011e+140
inf
-28820.1
-inf
-inf
-nan
-inf
6.80438e+158
6.88565e+283
3.63473e+272
1.13591e+227
-2.07899e+223
-inf
4.30267e+183
-nan
-inf
2.27585e+264
inf
inf
inf
-inf
Division-By-Zero
1.00434e+59
inf
6.61831e+114
-1.05214e+300
7.49422e+149
-1.19029e+06
-2.55138e+250
6.83518e+295
inf
-329845
6.14576e+163
-inf
-nan
inf
Division-By-Zero
-inf
-4025.35
inf
-inf
-inf
2.99055e+110
-3.09351e+292
-inf
9.07603e+279
-2.5187e+37
-1.4158e+222
8.5138e+166
-2.43905e+302
-inf
-2.29962e+210
-inf
inf
-1.30821e+54
1.03752e+54
1.45377e+268
1.52737e+32
1.25013e+160
-3.61189e+44
1.44156e+308
inf
-5.89303e+126
-22915.6
-inf
3.00441e+210
inf
2.1374e+40
inf
-1.17131e+290
inf
Division-By-Zero
-2.97993e+190
-5.30567e+235
-4.37821e+26
inf
inf
1.54583e+212
-725471
inf
inf
inf
-2.32423e+46
3.82513e+66
inf
5.14534e+06
-inf
1.20032e+68
-inf
-9.92566e+94
43747
-inf
20352.8
inf
-2.95156e+206
-inf
1.14798e+299
inf
-2.91555e+260
inf
-nan
-1.97704e+240
-2.72446e+282
2.24899e+294
2.85038e+280
inf
inf
-inf
-8.31524e+129
inf
-4.72343e+281
3.88327e+151
-9.89382e+175
inf
12641
-inf
inf
-1.56006e+270
9.11999e+255
25700.7
1.43344e+277
-inf
-inf
inf
inf
-3.04374e+63
inf
inf
Division-By-Zero
1.31647e+200
9.42057e+32
22940.8
-nan
-6.00939e+235
-1.78906e+194
inf
inf
2.00217e+279
Division-By-Zero
inf
-1.329e+193
-nan
inf
-2.7375e+125
inf
-nan
-7.36679e+302
-inf
-inf
2.04587e+273
-2.50671e+235
2.96535e+242
-18475.1
2.67983e+281
-inf
-125570
-nan
-nan
inf
inf
inf
inf
-nan
2.33098e+307
-inf
2.54421e+279
-nan
-inf
3.01267e+213
2.99279e+259
1.1244e+08
inf
-inf
Division-By-Zero
1.01398e+272
-nan
-inf
4.01943e+225
-nan
-3.33319e+159
-inf
inf
-1.32788e+228
-inf
inf
-inf
69441.8
1.23911e+208
-nan
-7.15939e+112
4.46141e+260
-3.98652e+241
-7.58338e+19
1.79492e+24
-inf
-1.27581e+283
inf
9.3841e+114
inf
2.13622e+232
-inf
inf
-inf
5.72008e+256
-inf
4.79063e+289
-inf
inf
-4.86629e+76
-nan
1.46832e+233
inf
-inf
-inf
-nan
-4.36003e+27
1.27464e+246
-7.77456e+300
-nan
2.07641e+284
-5.71235e+176
inf
inf
-inf
-1.0784e+68
3.23363e+243
-3.09967e+103
-nan
-5.49826e+157
5.7875e+06
8.05321e+279
Division-By-Zero
1e+176
-nan
inf
inf
-2.95449e+247
1.87599e+254
2.72128e+116
1.30134e+220
-nan
-1.38503e+22
inf
-3.79262e+195
1.65809e+255
-2.82119e+273
-inf
inf
6.59333e+264
2.39127e+143
inf
2.31296e+177
inf
7.34517e+243
4.64001e+229
321357
2.52173e+117
-inf
-2.11974e+86
5.42722e+198
-3.64348e+102
-nan
3.69936e+285
inf
6.4525e+199
2.52032e+189
-5.75755e+59
-inf
-1.59662e+133
inf
inf
-4.24239e+275
-inf
-nan
-inf
-1.18979e+307
inf
inf
-1.08087e+289
-inf
inf
8.82326e+124
-7.57073e+197
-inf
-inf
-1.19368e+29
inf
-inf
-nan
1.28928e+293
4.53395e+185
-2.07041e+240
-inf
-inf
inf
inf
-inf
-nan
9.75517e+228
-inf
8.23396e+79
Division-By-Zero
1.13492e+299
-1.00459e+210
inf
inf
-nan
2.11052e+263
-inf
-inf
inf
-nan
inf
inf
-nan
-nan
-1.43782e+191
-705645
6.61336e+280
-inf
-7.87154e+271
3.53966e+241
9.61482e+295
-inf
inf
3.04198e+45
-9.67418e+290
-2.70754e+259
-3.45803e+160
inf
-2.47293e+114
30581.6
-nan
-nan
inf
-nan
-inf
-inf
3.62003e+242
-9.12519e+66
2.81607e+264
inf
-1.69595e+271
-inf
inf
53519.2
1.13124e+277
-inf
3.73443e+240
-1.48613e+274
inf
inf
-inf
-12787.8
-inf
inf
-nan
inf
-nan
3.18007e+277
-1.60226e+262
inf
-1.17983e+296
-3148.06
-inf
inf
7.77711e+196
-inf
-inf
-inf
1.59449e+287
-inf
3.47003e+218
-6.8174e+218
-inf
inf
-inf
-inf
2.48471e+65
-inf
-inf
22528.4
-nan
-inf
inf
-6.2558e+254
-inf
5.55112e+37
-inf
-2.44308e+299
inf
1.52242e+244
-inf
inf
inf
inf
5.67387e+252
inf
3.71132e+270
inf
7.14419e+284
1.13147e+117
3147.11
1.72681e+293
5.49096e+224
5.9417e+258
inf
-inf
1.06449e+253
-inf
-inf
inf
inf
3877.24
-1.83847e+261
-inf
Division-By-Zero
inf
inf
-4.89179e+145
-4.32938e+07
inf
-nan
4.63835e+302
424689
-inf
-2.28452e+111
inf
-inf
3.9696e+293
-nan
3.83128e+221
inf
-inf
4.83002e+181
5.23951e+256
1.99779e+236
5.62964e+237
inf
-inf
-inf
1.73085e+234
1.73472e+232
-9.67415e+226
Division-By-Zero
-nan
-1.10737e+302
-17989.5
inf
4.06835e+204
inf
-inf
inf
1.88578e+266
-inf
-inf
1.1996e+293
inf
5.27646e+210
6.30116e+261
-6.81662e+127
-8.72796e+132
inf
-2.30684e+29
1.77357e+144
1.92683e+196
1.08705e+88
-1e+232
inf
-inf
inf
1.36022e+273
-4.25971e+108
inf
3.41594e+302
-3.02065e+51
-7.04156e+235
-nan
inf
-inf
5.37587e+272
-inf
-inf
-inf
inf
4.10048e+08
inf
-inf
1.30161e+75
-5.14267e+296
-4.2004e+204
-inf
Division-By-Zero
inf
-inf
4.79138e+291
inf
1.2391e+283
inf
4.09475e+250
inf
-nan
-inf
2.0577e+194
37444
-5.48901e+151
3.28065e+85
-1.2238e+244
inf
1.52647e+223
inf
-2.87051e+234
-nan
-nan
7.56441e+98
-inf
-3.00182e+273
Division-By-Zero
1.78747e+236
-1.95899e+06
-nan
-2.34193e+188
-inf
-59778.5
inf
-nan
inf
-2.03491e+194
-inf
inf
-nan
7421.56
-2.00951e+306
1.59011e+45
-5.89314e+271
-2.33381e+72
-1.08465e+305
2.18434e+236
9.08506e+297
6.05378e+39
inf
7.14253e+84
-inf
-7.53108e+289
-1.3307e+06
-nan
5.37302e+291
-1.02987e+306
inf
inf
1.78031e+135
-1.45032e+226
-inf
-3.58387e+294
inf
Division-By-Zero
20613.3
-3.2428e+58
8.93837e+305
-inf
-6.90541e+191
-inf
inf
-inf
inf
-inf
inf
23466.7
inf
-inf
-8.21612e+270
1.7902e+306
-3.21808e+232
-3.04132e+69
-inf
-nan
-1.89996e+232
inf
inf
inf
-2.09197e+286
-inf
inf
-inf
1.34207e+293
-inf
-inf
inf
-inf
-inf
1.05574e+141
59847.1
4.83575e+120
-1.2022e+248
5.38691e+257
-5.19682e+262
-4.15267e+237
36621.7
inf
2.05933e+118
inf
-1.19355e+259
-inf
4.9886e+256
-2.95127e+94
inf
-inf
-inf
-inf
inf
3.10827e+227
8.52292e+38
-inf
inf
Division-By-Zero
Division-By-Zero
2.4061e+215
-inf
-nan
-6.54468e+288
-inf
-2.81632e+170
-1.07432e+210
1.0591e+259
-4.15384e+149
-nan
inf
-1.99799e+162
-2.7818e+262
-inf
inf
inf
-5.35031e+57
132948
-inf
-inf
inf
Division-By-Zero
-nan
inf
2.24033e+81
-nan
-nan
5.77905e+58
Division-By-Zero
8.51438e+290
inf
Division-By-Zero
6.14675e+115
inf
-1.32682e+190
-1.39235e+188
7.88406e+138
1856.31
-nan
-inf
-2.74636e+245
-inf
-inf
-inf
-inf
-7.15396e+244
-inf
inf
7.3834e+122
-4.33463e+299
Division-By-Zero
inf
5.79864e+241
4.22319e+166
-inf
-1.67543e+111
-nan
-5.5599e+102
Division-By-Zero
-5.17523e+172
inf
-2.82488e+08
2.12716e+282
inf
inf
-inf
Division-By-Zero
-inf
-3.26723e+26
inf
3.28297e+231
-inf
inf
8.96194e+161
-nan
-inf
8.11296e+31
-inf
-inf
-4.30225e+306
5.83583e+272
6.57729e+288
-inf
-inf
-inf
-7.66191e+122
-nan
-nan
-5.64961e+103
-3.56166e+265
-3.78e+140
inf
5.51253e+72
inf
-3.76755e+77
2.58298e+54
-nan
3.52977e+207
-5408.21
-nan
-inf
inf
Division-By-Zero
-inf
inf
inf
-inf
-inf
-46439.9
1.88609e+244
-1.69002e+141
2.01693e+55
-7.13605e+167
Division-By-Zero
-2.67255e+42
inf
-inf
5.02908e+139
-6.57926e+268
-2.1638e+286
-inf
-1.34003e+223
-inf
-inf
-1.19355e+121
-8.75812e+106
inf
-nan
14990.8
-inf
2.04517e+242
-nan
3.8504e+206
-nan
6.33798e+307
-inf
1.21036e+69
inf
4.0423e+281
-2.32061e+135
1.58733e+234
7.56933e+297
inf
-inf
7.88228e+271
-41402.8
12159.9
-inf
-inf
inf
-nan
inf
1.13402e+297
2.48031e+06
-inf
inf
-3.58732e+239
inf
10707.2
-9.28041e+226
inf
-7.34893e+203
inf
inf
-inf
-1.25347e+214
-inf
inf
-6.52976e+218
-3.66903e+216
212558
5.12787e+118
Division-By-Zero
inf
-inf
7.05178e+49
-inf
-5.99982e+244
inf
inf
-inf
inf
-2.51162e+254
8252.47
-inf
-nan
-nan
-inf
6.28002e+111
-inf
5.44849e+151
inf
1.2242e+205
149.879
-658307
5.72556e+286
1.88451e+132
-nan
1.26606e+170
-nan
-6.26296e+226
-inf
inf
-inf
-4.28603e+301
3.22468e+237
-inf
-inf
5.49826e+157
-inf
inf
-inf
-inf
-inf
3.52682e+137
3.47003e+218
inf
1.59458e+203
inf
1.34314e+196
inf
inf
inf
inf
853.087
-3.88593e+300
inf
inf
-inf
1.80876e+06
1.55743e+167
8.09487e+259
inf
1.98409e+263
-nan
-5.13789e+303
inf
inf
inf
2.86458e+167
11163.8
-3.69066e+280
-1.38331e+290
Division-By-Zero
-nan
-inf
-1.78021e+90
-nan
-27.3741
inf
1.88641e+06
-inf
-7.91732e+37
-1.87975e+75
-3.72997e+277
1.81837e+282
1.08321e+204
1.15817e+180
-inf
7.62673
-nan
3.39569e+222
inf
inf
-4.70754e+246
5.57009e+273
inf
inf
inf
2.76976e+226
-inf
inf
6.1429e+225
-2.42789e+233
inf
-nan
-2.58923e+13
1.75718e+258
-1.07181e+260
-inf
inf
inf
inf
-1.91907e+270
inf
-inf
inf
inf
inf
-inf
5.78358e+222
1.05203e+09
-7.41188e+64
-2.61806e+241
-inf
inf
-60642.6
6382.14
4.18765e+89
-2.07428e+289
-inf
inf
5.88249e+150
-inf
2.78224e+303
-nan
inf
-inf
-5.63877e+240
-5.85416e+205
-6.57259e+251
inf
inf
-4.119e+153
inf
-1.87174e+126
-nan
2.45755e+113
-9.77436e+246
1.13889e+200
inf
inf
-nan
2.7078e+39
-inf
4.07697e+144
1.495e+55
inf
-1.04778e+245
-1.00582e+28
-nan
-nan
-7.58284e+283
-inf
28275.2
-inf
inf
-8.79004e+204
Division-By-Zero
-9.98787e+237
inf
-3.05791e+06
-nan
8.66022e+171
-inf
-inf
inf
inf
-3.24448e+145
-2.41412e+155
-nan
1.10227e+303
-nan
2.27784e+09
-1.09179e+261
inf
2.57513e+269
3.0772e+20
inf
-2.63872e+292
8.26923e+247
-inf
-4.39525e+243
-inf
11353.3
inf
-21423.5
-inf
-nan
5.48961e+242
-9.98048e+140
inf
-nan
-1.56006e+270
inf
-inf
Division-By-Zero
inf
-inf
inf
6.60865e+165
-4.29367e+229
1.20893e+24
-inf
inf
-inf
-inf
-184813
-inf
inf
-inf
-inf
-nan
-inf
1.22626e+154
-3.16607e+216
9.55215e+84
-inf
-2.41189e+306
inf
-4.9708e+211
-3.15399e+90
-inf
-nan
-inf
-inf
-2.58538e+269
-1.14213e+266
-3.72823e+168
-5.30893e+303
-nan
1.54943e+282
-24156
-nan
2.55728e+157
-inf
-inf
inf
-1.82264e+135
inf
-6.61056e+258
-inf
inf
-inf
inf
-inf
-5.54435e+259
-8.40384e+92
-nan
-22737.4
-2.13127e+200
4.1068e+290
3.55906e+292
6.48222e+112
-1.01318e+137
-inf
-5.45323e+198
-inf
-1.87746e+107
-3.42422e+39
inf
inf
1.83599e+216
-2.45199e+239
1.80946e+144
-1.30237e+304
Division-By-Zero
-inf
-inf
3.60443e+173
inf
inf
-37230.8
24047.6
-1.8058e+162
1.0392e+169
-inf
inf
-3.05112e+97
3.78157e+153
-4.06599e+258
inf
-1.4695e+83
inf
-inf
3.76425e+102
-6.75463e+24
-nan
-2.85829e+304
-4.63835e+302
-inf
-2.14821e+185
-1.89496e+301
inf
42319.9
inf
-1.0211e+231
-1351.49
inf
7.90271e+175
-inf
52933.5
-nan
1.49017e+140
1.05473e+290
6024.01
inf
Division-By-Zero
-3.08938e+165
-inf
-nan
-1.31193e+249
inf
-inf
inf
-nan
-nan
-inf
2.72127e+151
inf
inf
2.15046e+195
Division-By-Zero
-2.78324e+208
inf
-nan
inf
inf
-inf
-inf
inf
1.2464e+270
6.60413e+239
-inf
-inf
-9.63553e+170
-2.72546e+76
-inf
1.59187e+132
-4.89876e+30
-3.41291e+216
-inf
9.87683e+24
inf
-3.82593e+146
-1.7098e+178
9.77517e+248
5.12024e+237
inf
-inf
9016.42
-inf
inf
-inf
inf
3.37587e+152
-1.09306e+288
-2.47934e+111
Division-By-Zero
3.27642e+209
-3.88718e+264
inf
-inf
-nan
1.02363e+253
4.08728e+154
-2.89215e+245
-2.37679e+112
-nan
inf
-inf
-nan
inf
-inf
-nan
-25640.9
-inf
2.42568e+290
inf
inf
inf
-inf
inf
-inf
-inf
inf
-2.74096e+237
1.51932e+160
inf
-9.03875e+158
-nan
inf
-nan
-570.29
-2.00274e+136
inf
2.87993e+269
inf
-2.08324e+228
1.28169e+44
-5.39797e+212
-inf
-3.35887e+39
-inf
-inf
-4.29592e+306
-nan
2.02814e+258
-inf
-3.2088e+266
-7.13605e+167
inf
inf
3.45118e+300
7.99613e+241
-inf
-inf
-inf
-1.47438e+184
-3.6696e+224
Division-By-Zero
inf
4.25796e+251
-6.43837e+187
-5.89157e+146
-4.84693e+131
-2.44135e+81
-4.66831e+114
-3.75622e+222
inf
2.81299e+203
-nan
-inf
-6493.17
-nan
inf
Division-By-Zero
-3.52168e+06
11348
-inf
inf
inf
1.69118e+232
-inf
3.9482e+91
inf
-16346.6
-nan
-inf
inf
inf
-2.16344e+302
7.80244e+274
-inf
-inf
-inf
-inf
inf
-nan
-nan
-nan
4.5098e+42
-5.71285e+196
-8.58736e+09
-inf
-nan
inf
inf
-nan
inf
1.32095e+305
9.00139e+300
-inf
inf
inf
inf
-inf
inf
-3.57872e+282
-inf
2.47329e+277
-6.57389e+231
inf
-inf
-1.24104e+150
-inf
3.34414e+301
44962.1
2.3384e+90
2.2193e+258
inf
-1.3949e+290
1.68079e+113
inf
-1.8126e+162
-inf
-inf
-inf
-inf
-1.39042e+245
-nan
-73797.5
inf
-1.58698e+139
inf
-inf
-9.6256e+266
2.55411e+196
-1.81154e+197
inf
-9.74163e+128
3.65471e+188
-inf
-inf
1.15218e+76
-1.24721e+203
4.35048e+306
-nan
-8.52795e+151
inf
1.98023e+234
-1.44885e+271
-950573
-inf
8.11404e+66
inf
2.56737e+158
-1.1532e+203
-1.25748e+258
-2.32583e+207
-1.2654e+283
-1.31501e+202
-2.42556e+264
-9.86076e+174
12661.8
-inf
-1.133e+306
inf
inf
-inf
Division-By-Zero
Division-By-Zero
4.77311e+152
-1.33237e+206
-3.90408e+113
-4.64886e+155
4.77873e+268
-6.11644e+262
3.68917e+244
Division-By-Zero
-2.0433e+272
2.05088e+185
-inf
-1.34342e+178
inf
-2.87993e+269
inf
-inf
-7.41584e+273
inf
-inf
inf
inf
inf
-nan
1.28885e+169
-2.82696e+195
-inf
-4.82773e+138
inf
inf
-4.66947e+197
-7.58687e+237
-inf
-2.11584e+203
-inf
-inf
7.27206e+295
6.04417e+213
7.01874e+216
-nan
-nan
inf
-5.34157e+294
-3.28288e+83
inf
-1.83774e+188
4.56719e+201
-inf
-inf
-inf
inf
4.48606e+172
inf
-8.70445e+288
-3.12286e+215
-inf
-inf
-nan
inf
-1.26173e+134
-inf
3.33772e+276
1.94492e+151
4.59375e+33
1.16511e+221
-inf
inf
-25574
inf
-127505
-inf
2.14796e+128
inf
-4.11098e+70
1.72653e+282
inf
inf
inf
-inf
963246
inf
-1.27475e+78
-nan
inf
1.57336e+305
-3.67733e+268
1.32658e+186
-inf
7.45479e+207
-1.02168e+191
6.84293e+76
-inf
2.85635e+277
-1.89714e+307
-inf
6.76752e+16
-59406.2
-inf
-inf
-inf
-inf
1.77383e+277
2.13507e+299
inf
3.42326e+184
7.07398e+259
-nan
-4234.35
24428.5
-inf
-3.33333e+195
-4.68366e+239
1660.68
-inf
-5.29951e+267
24084.5
5.31096e+210
inf
-9.07229e+149
-5.40874e+224
Division-By-Zero
-2.68637e+32
inf
inf
-inf
1.13192e+252
-inf
inf
inf
-inf
inf
-nan
1.62538e+72
3.99445e+216
-17516.5
inf
-1.40672e+250
4.86067e+203
-inf
inf
-5.29059e+208
-1.68999e+297
3.53002e+218
2.92715e+152
8573.43
4.17619e+121
-inf
-inf
-inf
-3.03831e+166
1.99791e+285
-inf
-inf
-3.03721e+159
1.83872e+264
7.0159e+105
-32811.4
-1.38054e+269
1.35637e+44
-nan
inf
-nan
-4.11177e+200
29794.3
-inf
inf
inf
-inf
9.17329e+302
inf
-1.06185e+221
-nan
1.91837e+156
-inf
8.84467e+167
-1.72577e+139
-inf
inf
inf
3.99637e+21
2.70022e+159
1.93102e+61
-inf
-nan
-1.11612e+212
1.18559e+176
inf
4.63851e+301
8.9771e+248
-1.49424e+111
-1.80108e+189
inf
1.61442e+83
-inf
-1.99381e+80
inf
inf
inf
-3.06082e+278
-nan
-inf
-1.32708e+243
5.13342e+25
-5.13677e+83
inf
18806.7
inf
-nan
-6.53941e+302
-1.37247e+252
-6.68271e+215
7.52837e+280
-2.88727e+257
inf
-inf
-6.04837e+196
-inf
-inf
3.20592e+188
-7.63998e+299
-2.62776e+72
-inf
19660.8
-inf
-2.87457e+14
-1.16106e+254
inf
-8.749e+182
inf
-inf
-5.07346e+165
-inf
-inf
-1e+153
inf
-inf
-inf
-inf
2.13842e+75
9.73779e+249
-inf
-4.32113e+228
-1.76626e+283
-inf
4.73644e+244
1.53118e+241
-24569.5
-inf
-1.22265e+94
Division-By-Zero
-inf
6.98244e+297
inf
1.60464e+213
2.73406e+207
12054.7
inf
1.74406e+243
9.73743e+255
-inf
1.03158e+284
3.84868e+210
181529
-nan
-inf
-inf
-1.93865e+303
inf
Division-By-Zero
442669
inf
-2.91874e+121
inf
-781953
-1.08256e+72
-5.36026e+275
-6906.35
-4.96466e+85
-13642.2
3.00303e+168
-1.0285e+274
Division-By-Zero
50557
3.97797e+144
-nan
inf
Division-By-Zero
5.13137e+292
-inf
-1.42373e+265
inf
-inf
inf
-inf
inf
5.54622e+255
-inf
-9.17254e+70
9966.21
-nan
1.43109e+214
2.3942e+195
-2.228e+281
-inf
-8.30361e+158
-nan
-55304.5
-4.01301e+245
-inf
-inf
-inf
2815.08
-1.72395e+292
1.34569e+201
-1.88925e+102
-4.00241e+250
inf
3.11697e+231
-9.16968e+201
-inf
-nan
inf
-nan
1.93865e+303
1.48392e+271
-inf
-inf
Division-By-Zero
inf
705.596
-inf
4.90399e+133
inf
-1.21921e+87
-9.26521e+166
inf
1.49451e+274
-6.31089e+67
-inf
2373.21
-inf
-nan
-nan
4.02792e+179
3.48912e+242
inf
1e+66
-inf
-inf
-inf
3.49026e+169
1557.96
-1983.63
5.233e+17
-1.92281e+06
inf
-nan
8813.34
1.6799e+199
298727
4.42489e+282
-2.47856e+85
inf
-1.51446e+193
inf
7.15973e+249
Division-By-Zero
-inf
-inf
inf
-inf
-inf
-nan
inf
-1.34912e+216
-2029.49
Division-By-Zero
1.26228e+48
-2.63016e+88
inf
-3.96158e+266
3.64437e+290
inf
-inf
-inf
-inf
-inf
1.23822e+220
-nan
-2.63281e+64
1.26036e+06
7.16213e+139
3.19306e+284
-nan
inf
inf
-1.81907e+234
7.46517e+235
Division-By-Zero
-inf
-inf
-1.40672e+250
9.86784e+127
3952.74
-3.832e+229
-inf
1.80003e+302
-2.90437e+190
-inf
-5.71451e+255
-inf
inf
Division-By-Zero
-inf
inf
233092
-nan
-2.56646e+65
-10244.8
-inf
Division-By-Zero
2.06008e+184
inf
-2.27977e+294
1.8984e+229
5.13899e+190
-inf
-7281.83
3.0841e+10
-inf
5753.46
9.0128e+139
inf
-inf
1e+256
inf
2.32453e+195
-2.83711e+260
-7.64197e+247
-4.20844e+300
inf
-nan
4.25698e+155
inf
-1.15009e+241
1.7933e+220
-4.0183e+233
-16289.4
-3.6696e+224
-1.03201e+140
-3.13811e+10
inf
inf
-inf
-1.39303e+291
inf
3.39216e+221
inf
-2.44612e+245
-nan
-nan
1.04372e+182
16012.8
Division-By-Zero
9.66789e+292
6.09024e+83
1.13804e+06
-8.57308e+199
inf
inf
1.40683e+125
1.56519e+246
inf
-inf
-inf
inf
4.54063e+212
-6.37564e+122
-3.28065e+85
3.6696e+224
2.16525e+242
-inf
-8.96774e+80
1.22324e+207
3.02006e+260
inf
2.58919e+196
inf
-29784.7
-1.05507e+290
6.29243e+50
-inf
-1.02634e+232
inf
inf
-1.10919e+30
-inf
inf
9.14174e+189
inf
1.17072e+82
-16165.2
301064
-23380.1
-inf
inf
inf
151295
-2.66154e+297
6.54748e+306
2.16836e+237
7.67087e+246
-nan
-nan
-nan
3.20358e+172
-9.49484e+273
inf
5.17841e+102
inf
1.37495e+208
6.79281e+119
inf
inf
6.08267e+35
inf
inf
inf
-inf
6.68643e+281
-inf
6.48042e+273
inf
-nan
inf
-6.88633e+223
-5.64504e+273
4.27536e+15
2.26781e+146
inf
1e+192
2377.67
inf
4.1503e+99
-nan
-6.58115e+122
1.70693e+223
3.89325e+270
-inf
-inf
-inf
inf
-nan
-3.12846e+271
Division-By-Zero
-inf
-nan
inf
1.86714e+254
-inf
1e+123
1.14971e+265
-2.88948e+250
1.3456e+228
-inf
Division-By-Zero
-1.63823e+08
-nan
-8.41104e+233
-inf
-3.01057e+223
-3.12443e+120
1.36451e+272
-nan
-nan
342560
-inf
-6.84183e+232
inf
-1.19172e+229
-inf
inf
632.497
5.58782e+268
1.86546e+213
9.40461e+83
5.37241e+248
2.11165e+116
inf
-nan
4.94968e+285
4.83713e+08
Division-By-Zero
-inf
-inf
-5.15052e+185
inf
707.545
inf
-9.9413e+298
-inf
inf
-5.59948e+75
-534309
122461
-inf
-1.24968e+185
1.33843e+147
3.28616e+106
1.17826e+219
-1.58735e+99
1.2708e+23
2.16757e+201
-inf
5.20855e+231
inf
-inf
2.70087e+233
-6.6341e+134
-2.44411e+170
inf
3.05224e+156
-inf
-inf
5.5498e+251
-10413.8
-7.36457e+198
-inf
-1.60402e+105
inf
-inf
-1.33031e+115
-inf
inf
Division-By-Zero
-3.71771e+119
-nan
-inf
5.39137e+167
-inf
-inf
-2.75202e+193
8.43744e+214
7.4819e+109
-12268.5
3.05696e+233
inf
-3146.84
7.35571e+92
inf
-inf
-inf
-1.49309e+255
6565.16
2.65295e+197
7.19207e+91
3.13665e+282
14183
-9.93816e+209
26677.3
-inf
8.95752e+08
-9.63848e+99
-3.03104e+121
8.85379e+238
inf
-26661.4
-inf
-1.03471e+237
1.47148e+132
inf
-3.37103e+181
-2077.91
inf
1e+51
inf
-inf
-inf
37087.3
-2.08048e+173
-4.15257e+67
-inf
-inf
inf
-nan
-inf
inf
2.77356e+195
12869.9
-nan
-3.21388e+127
2.81524e+289
1.14528e+98
inf
-2.9057e+190
6.24182e+269
8.38982e+226
inf
-5.09696e+220
-5.52644e+17
inf
-1.82081e+254
-inf
-5.30371e+265
-inf
-nan
inf
-inf
-inf
-3.21736e+39
-1.0978e+279
inf
inf
-1.52271e+287
8.94456e+224
inf
8.30812e+79
inf
-1.2755e+183
-3.38461e+125
-nan
-1.69938e+281
inf
inf
inf
1.96892e+158
-2.5542e+25
-nan
4.79138e+291
-inf
3315.31
inf
-4.23809e+242
inf
inf
-nan
inf
-7.67732e+274
-235128
-2.14582e+55
186199
-nan
-inf
-nan
-1.38833e+270
986996
4.35983e+106
inf
-4.36235e+06
-inf
-2.7366e+52
-inf
-9.27801e+185
-6.65071e+249
-inf
-8.21567e+121
-4.95961e+298
-7.91001e+173
-inf
inf
inf
-inf
34071.7
-inf
inf
1.64979e+129
-6.90002e+263
-4.19008e+215
2.45476e+299
-5.98498e+274
-1.02363e+213
-inf
-inf
2.25192e+284
-9.7603e+184
2.4054e+189
-5.94211e+120
6.17064e+62
3.81002e+190
inf
-nan
-2.86427e+194
-inf
inf
-nan
-inf
1.34839e+93
-133693
7.16273e+284
-inf
-inf
-nan
inf
-inf
inf
6.24009e+208
-nan
-inf
-nan
-nan
1.63044e+15
2.0225e+107
Division-By-Zero
Division-By-Zero
6.35895e+166
-3.16412e+214
-9.02309e+223
-16271.2
-inf
-3.29897e+88
-3.97527e+160
inf
-inf
1.40454e+161
-nan
inf
inf
-7.16834e+103
-inf
inf
inf
-8.09162e+288
-inf
-inf
6.01264e+217
6.11326e+157
-nan
17030.6
11499.4
-2.01252e+91
6.0261e+74
5.11516e+55
inf
inf
9.55594e+74
-inf
Division-By-Zero
inf
6.12282e+223
inf
5.43398e+169
9350.31
-1.76333e+120
inf
-9.56937e+153
-inf
inf
inf
inf
-1.86667e+129
3.40637e+249
-3.08981e+184
-3.36831e+124
-1.21415e+169
-41662.2
-nan
inf
-1.75511e+301
-2.27718e+306
-1.2326e+74
35409.7
inf
-2.28113e+306
-8.62073e+268
inf
-nan
inf
-1.75621e+182
-nan
inf
14646.7
-inf
6.12433e+64
-1.65047e+261
-3.21201e+225
5.22787e+223
-5.5076e+260
-nan
-20286.6
-1.44496e+302
inf
inf
5.37499e+209
inf
-inf
-1.62963e+192
-inf
inf
5.46078e+148
inf
1.71162e+06
7.81493e+268
-32149.2
-5.86414e+144
-inf
-8.10288e+223
7.3206e+291
inf
-inf
-9.25138e+171
-inf
-9.52622e+225
8.85234e+188
-7.20576e+72
50247.3
-inf
-1.06392e+96
3.16767e+222
-inf
-1.39289e+69
-inf
2.34616e+155
inf
7186.49
3.14997e+267
inf
-inf
-1.38692e+201
-inf
-1.36508e+304
39493.1
-nan
inf
-inf
4.16315e+108
-6.15464e+89
5.26014e+210
inf
-inf
431143
Division-By-Zero
-nan
-4.57398e+261
2.97241e+225
-inf
-5.91747e+189
Division-By-Zero
-nan
-inf
5.65628e+139
-3.10606e+279
inf
-4.17698e+158
-nan
-inf
-inf
-2.29262e+299
1.69759e+165
1.53201e+175
-1.74131e+232
18904.9
3.9921e+291
inf
5.81986e+06
-inf
-2.68767e+134
-8.53463e+137
-inf
inf
-7.87931e+277
-inf
-inf
inf
-3.60357e+174
inf
4.11347e+150
3.1749e+114
-1.28387e+284
6.54861e+304
inf
Division-By-Zero
-1.00606e+06
2.15147e+97
-4.68999e+186
inf
5.36712e+79
1.93309e+289
3.20332e+234
-inf
6.86891e+232
31521.7
-nan
3.21354e+242
-inf
-2.93661e+215
6.11078e+232
inf
-inf
-6.38995e+251
inf
1e+192
-inf
inf
2.99691e+227
inf
-inf
inf
2.02845e+99
inf
inf
inf
inf
inf
2.76521e+290
inf
inf
inf
-6.49123e+238
-nan
-inf
inf
34830.5
inf
5.34983e+277
inf
3.74144e+218
-1.22327e+167
-5.52413e+89
Division-By-Zero
-nan
-inf
-1.60426e+137
-inf
3.94067e+219
-inf
-1.29087e+38
6.55885e+128
-1.4574e+241
-1.56254e+54
3.23045e+52
-inf
inf
5.92995e+72
-inf
-inf
5.50262e+155
5.49181e+152
-inf
Division-By-Zero
-inf
-229902
8.63565e+190
-inf
-inf
-6.96898e+41
-inf
4.48011e+194
-1.37724e+169
-3.73691e+258
-inf
-1.06903e+296
inf
-3.02462e+75
-2.65832e+30
-1.64888e+234
4.30685e+197
-3.09569e+190
38782.4
inf
-inf
inf
inf
inf
4.05094e+197
inf
-inf
2.89778e+225
-inf
786929
Division-By-Zero
-inf
-4.18722e+302
-1.15775e+229
inf
-3.6696e+224
-inf
-nan
-inf
inf
inf
6.1227e+264
inf
1.2844e+264
-inf
-1.12405e+232
-nan
3.652e+219
-3.76414e+152
inf
inf
-1.82641e+225
-1.03284e+218
-inf
inf
inf
-nan
inf
-inf
-inf
-2.20657e+302
2.03674e+119
inf
inf
-3.7373e+286
inf
2.67451e+60
inf
inf
-inf
inf
-inf
inf
-9.34039e+290
inf
-inf
60812.4
-inf
-inf
Division-By-Zero
-2.32574e+201
-inf
-inf
inf
-inf
inf
inf
-inf
2.7027e+280
5.1976e+144
inf
-3199.19
-6.42033e+305
6.81841e+181
inf
Division-By-Zero
1.00405e+22
8.4301e+208
inf
-3.75825e+250
-inf
919.82
-inf
8.54455e+296
-4.31718e+193
8.98145e+300
-inf
-inf
-inf
-1.51045e+273
inf
-2.41296e+255
inf
-nan
2.45476e+299
inf
23336.8
-nan
1.96494e+187
28335.1
-2.90632e+236
3.9443e+70
-nan
-nan
2.14692e+29
4.11757e+256
-2.55796e+06
inf
inf
-1.33258e+164
inf
-4.32734e+147
5.25185e+252
inf
-inf
6.85047e+266
-4.36591e+107
-inf
2.72459e+274
inf
Division-By-Zero
-5.04104e+170
1.51524e+193
-nan
1.66751e+06
2.33453e+06
inf
5.1263e+170
-nan
-1.41563e+264
inf
1.23453e+167
1.7674e+203
inf
-2.46033e+133
-6784.59
-1.61084e+118
-3.75891e+288
inf
-2.38714e+79
-inf
inf
-2.72158e+270
-inf
11771.7
-2.07775e+202
inf
inf
1.85093e+16
inf
-inf
-8.99451e+257
-2.87088e+226
2.10478e+301
4.57281e+186
1.51143e+214
-inf
inf
-8.18272e+21
inf
1.94394e+247
-inf
-inf
inf
-516053
2.82124e+230
-inf
-1.83832e+102
8.95659e+127
5.64353e+269
inf
-2.71989e+200
-nan
1.08799e+245
-inf
inf
inf
-nan
-inf
-2.14485e+295
1.96608e+296
-inf
-inf
9.42062e+303
-inf
2.59194e+77
1.46732e+06
-50424.5
-4.18867e+230
inf
-4.11138e+300
-nan
inf
4.46642e+267
-6.60598e+258
-inf
inf
-1.90596e+285
21411.7
-2.81475e+26
-3876.2
inf
inf
-986394
Division-By-Zero
1.09366e+284
-4.70185e+26
2.69852e+176
4.04502e+266
8.67043e+154
-6.53319e+77
-1.08465e+305
inf
-inf
-inf
-inf
1.17152e+126
3.42719e+13
-5.4047e+137
-inf
-3.25664e+292
-1.28332e+250
-7.41408e+304
2.40638e+06
-inf
-inf
-inf
3.74765e+289
4.03989e+303
6.33004e+06
-inf
523.562
1.23407e+37
1.11704e+101
inf
Division-By-Zero
1.9098e+232
3.41442e+233
-inf
inf
-nan
-nan
inf
-24074.6
-nan
6.0925e+232
-inf
-inf
4.8401e+153
-inf
Division-By-Zero
inf
inf
4.87877e+288
-inf
-3.69516e+15
-2.15022e+138
3.60155e+137
336562
4.24557e+197
3548.07
-1.01125e+06
-nan
-inf
29453.4
3.51712e+301
-1.63751e+268
-inf
-nan
-inf
-inf
1.63043e+240
-1.5557e+222
2.90398e+302
-inf
Division-By-Zero
-nan
inf
-inf
-5.51508e+176
inf
inf
1.31899e+245
3.08545e+174
3454.11
Division-By-Zero
inf
inf
-inf
inf
-5.53951e+199
9.23798e+204
2.13599e+256
-2.55603e+304
inf
79865.9
-inf
2.40812e+204
2.47449e+112
inf
inf
-5.59493e+49
inf
-2.22335e+273
-nan
inf
-nan
-inf
2.13196e+194
-inf
-inf
inf
inf
-23420.4
-inf
-1.20813e+282
-nan
-8.31807e+251
1.02767e+288
-4.03376e+208
-nan
4.10774e+226
255737
-1.39784e+99
inf
Division-By-Zero
inf
-7.64527e+256
416.788
2062.33
-4.41326e+91
-inf
-nan
inf
-4.00138e+240
6.90181e+175
-9.49524e+178
-6.80565e+81
3.6029e+114
-nan
-4.77557e+278
-nan
inf
-4.04873e+255
-3.36111e+115
inf
2.38257e+199
-5.01967e+190
13318.2
-1.06922e+287
inf
inf
-8.25562e+147
-4.29362e+243
-inf
-4.0357e+238
-2.01122e+133
-nan
1.43889e+120
-inf
-nan
2.4908e+144
inf
-2.47482e+179
4.68824e+99
-inf
-2.87005e+263
3.59371e+170
-2.57502e+149
1.00918e+139
-1.8574e+97
-1.48774e+208
-4.26043e+299
5.40096e+296
-6.57745e+132
-1.23374e+178
1.687e+218
18121.3
Division-By-Zero
6.3001e+295
-4.70553e+179
-inf
inf
-inf
-inf
-nan
1.93309e+289
inf
inf
-8.85368e+271
inf
-nan
6.90825e+117
inf
-4.34239e+304
Division-By-Zero
inf
6.07352e+187
-nan
9.62776e+42
1.67029e+24
9.54727e+187
inf
inf
inf
-2.72167e+225
-nan
-6.29027e+91
2.11808e+214
-inf
-inf
-nan
-nan
-6.62662e+31
Division-By-Zero
3.85278e+203
-inf
inf
inf
-960.172
9.15728e+307
8.3739e+265
4.0866e+252
-2.19217e+06
inf
1.77398e+305
8.5622e+50
Division-By-Zero
inf
2.07678e+240
1.70551e+284
-inf
inf
inf
2.35075e+246
16138.3
-9.61262e+118
-inf
-inf
-3.77283e+251
Division-By-Zero
-9.41581e+157
-29429.2
inf
-inf
-inf
-nan
-nan
20530.8
3.38813e+47
Division-By-Zero
1.33775e+187
-5.98226e+265
inf
268509
-9.38147e+291
2.25797e+274
-4949.26
inf
6.30594e+182
2.32531e+213
-4.64931e+138
-inf
-1.99853e+294
1349.16
4.90464e+98
-inf
-5.11146e+279
-inf
-4.94338e+244
-5.80606e+90
inf
-inf
inf
4.67624e+122
-1.47134e+99
-1.93946e+168
1.68859e+128
2.78971e+262
-inf
-inf
-9.90541e+187
3.46904e+23
inf
inf
-5.15378e+97
inf
1.43949e+258
1.00317e+70
-inf
inf
-inf
-1.14338e+211
3.78752e+247
18222.7
-inf
-3.72726e+106
-1.14948e+288
inf
13964.3
-9.09378e+38
inf
inf
-nan
-inf
-7.68379e+234
-inf
inf
-inf
-1.42748e+06
-1.81531e+123
-inf
-inf
-5.70491e+235
inf
-inf
inf
-inf
5.27888e+277
8.75198e+187
inf
-2.03989e+72
inf
inf
8730.71
-inf
94401.8
-nan
-inf
-8.53673e+287
-nan
-nan
-8.74278e+252
inf
3.13812e+241
inf
-inf
-nan
3.1368e+284
-inf
inf
-inf
-2.78665e+46
-inf
-nan
inf
inf
-nan
-5.75918e+210
-nan
inf
-nan
-inf
Division-By-Zero
-1643.77
-nan
-2.73108e+206
-6.1852e+68
-inf
5.7721e+279
-2.66122e+254
-inf
-inf
-inf
-nan
-inf
-4.75701e+237
-nan
8.01795e+93
-nan
-nan
-1.32785e+182
2.45862e+252
-8.47941e+151
-inf
inf
2.14265e+261
-nan
-inf
inf
-1.01657e+226
-inf
21944.9
inf
-3.95567e+252
4.43005e+273
inf
-nan
-inf
inf
-inf
inf
-nan
inf
7018.91
1.13864e+199
-inf
inf
3.60625e+31
inf
43797.3
1.88402e+24
-inf
-nan
inf
-7.76547e+19
-nan
inf
inf
-5.37153e+190
1.10953e+272
1.08231e+213
575914
-inf
-nan
-nan
inf
1.10301e+170
-1.38712e+267
-inf
-2.596e+269
inf
115165
-757.358
9.86668e+78
2.92861e+134
-inf
-4.2204e+261
inf
5.90036e+94
inf
inf
-3.45529e+265
-2.36354e+228
2.25456e+239
-inf
-3.941e+307
-4.19913e+162
inf
1.06606e+20
6.71699e+211
-inf
3.5088e+282
-2480.27
-inf
-inf
-2.40056e+165
Division-By-Zero
-inf
-inf
-36238.1
2.40241e+257
22.0736
1.89774e+50
-4.13043e+49
inf
1.53992e+274
1.46896e+06
-2.53305e+265
-inf
-nan
-2.21717e+222
-inf
-inf
inf
inf
inf
inf
-inf
Division-By-Zero
1.41648e+80
-9290.61
-nan
-1.28689e+197
4.07809e+305
-nan
6.29838e+249
-14094.8
inf
2.45265e+280
-3125.99
-6.28287e+230
inf
-5.9152e+208
inf
Division-By-Zero
-1.52754e+268
inf
-inf
inf
-3.21208e+224
-2.69021e+304
-5.2326e+215
-4.84824e+228
4.95598e+22
1.26068e+06
inf
-inf
Division-By-Zero
2.68384e+150
1.62626e+225
-1.08466e+218
-inf
-1.26923e+286
inf
-2.81787e+116
-8.55285e+276
-22149.3
1.00585e+300
inf
-inf
-inf
-nan
-inf
5315.25
inf
-7.02174e+294
-inf
inf
1.03402e+261
inf
inf
-1.35085e+56
inf
-8.15355e+34
22747.2
-inf
4503.39
Division-By-Zero
-nan
-inf
1.14414e+83
-inf
-inf
1.56785e+217
inf
6.09503e+253
-2.68804e+268
inf
9.48906e+248
-nan
inf
-nan
1.59249e+258
-nan
-inf
inf
inf
6.17284e+196
inf
-1.46251e+143
1.36757e+261
Division-By-Zero
-2.279e+230
-inf
7.16677e+227
-8.5127e+269
inf
-inf
4.10393e+72
-4.73212e+210
-9.16533e+176
2.48734e+226
9.68386e+256
inf
3.89471e+153
-inf
-inf
-3.94939e+246
-8.59504e+197
-3.05484e+256
2.09646e+260
-inf
-inf
inf
-inf
-inf
-1.77306e+267
-3.30105e+147
-3.50038e+169
-1.86559e+228
inf
inf
1.95396e+198
inf
-6.70702e+287
3.0119e+186
8.83172e+193
-inf
inf
-2.97502e+141
3.15369e+292
9.36537e+241
-6.41052e+201
-2.88729e+225
-inf
-6.6351e+91
Division-By-Zero
8.88573e+268
6.91431e+293
inf
-inf
1.23794e+140
-inf
-inf
2.03379e+101
-inf
inf
-2.30487e+305
-nan
3.43355e+27
inf
inf
2.4061e+215
-inf
-1.83466e+294
inf
3.86628e+166
Division-By-Zero
-inf
-1.41446e+201
7.71737e+212
-1.9873e+133
4.529e+259
inf
1.97244e+66
5.40589e+98
-14386
-nan
-inf
inf
